1610254
1610360
1610489
1610851
1610882
1611230
1611285
1611288
1611556
1611562
1611878
1611905
1612143
1612858
1613322
1613470
1613484
1613608
1613667
1613856
1614080
1614228
1614233
1614304
1614416
1614681
1614858
1615009
1615087
1615111
1615192
1615207
1615302
1615337
1615431
1615594
1615644
1615864
1616026
1616154
1616206
1616242
1616392
1616481
1616533
1616724
1616773
1616774
1616798
1616801
1616851
1617236
1617281
1617348
1617450
1617489
1617630
1617708
1617783
1618002
1618110
1618183
1618375
1618444
1618458
1618462
1618673
1618733
1618833
1618918
1618931
1619003
1619014
1619070
1619202
1619560
1619587
1619735
1619750
