364730
364812
364829
364830
364891
365000
365059
365143
365194
365297
365331
365522
365573
365624
365754
365856
365985
366011
366188
366199
366402
366426
366507
366594
366802
366916
366924
366994
367007
367066
367235
367303
367504
367529
367578
367660
367836
367890
368167
368177
368315
368342
368439
368512
368600
368638
368786
368805
369068
369247
369325
369386
369464
369479
369579
369615
369731
369797
369910
370316
370557
370720
370869
371286
371432
371548
371823
371872
371907
372336
372404
372496
372659
372912
372944
372970
373194
373549
373698
373712
373754
374041
374124
374275
