1466354
1466403
1466420
1466422
1466451
1466459
1466591
1466971
1467043
1467046
1467052
1467117
1467142
1467161
1467264
1467417
1467505
1467523
1467546
1467750
1467940
1468066
1468150
1468169
1468224
1468424
1468762
1468929
1468960
1468996
1469050
1469249
1469334
1469401
1469490
1469513
1469665
1469673
1470075
1470131
1470142
1470428
1470431
1470465
1470492
1470515
1470661
1470755
1470789
1471057
1471105
1471140
1471151
1471263
1471470
1471570
1471582
1471607
1472086
1472164
1472192
1472311
1472434
1472468
1472492
1472649
1472788
1472795
1472859
1472973
1473066
1473076
1473368
1473456
1473465
1473481
1473699
1474325
1474359
1474380
1474465
1474658
1474722
1474733
1474774
1474789
1474791
1474888
1475227
1475248
1475592
