1562641
1562813
1562816
1562897
1563138
1563417
1563440
1563467
1563588
1563614
1563627
1563694
1563735
1563835
1563868
1563988
1564048
1564381
1564447
1564478
1564561
1564605
1564879
1565028
1565335
1565469
1565522
1565597
1565612
1565656
1566103
1566250
1566435
1566504
1566506
1566747
1566850
1566859
1566948
1567295
1567347
1567408
1567643
1567769
1567819
1567860
1567878
1567932
1567933
1567997
1568048
1568273
1568449
1568554
1568575
1568587
1568605
1568651
1568702
1568716
1569004
1569037
1569155
1569320
1569438
1569547
1569572
1570026
1570625
1570665
1570831
1570911
1570918
1571020
1571033
1571149
1571470
1571514
1571547
