1246676
1247028
1247150
1247165
1247249
1247386
1247913
1248022
1248090
1248262
1248279
1248377
1248401
1248453
1248484
1248524
1248525
1248608
1248681
1248702
1248732
1248816
1248851
1248904
1249072
1249085
1249297
1249319
1249548
1249551
1249593
1249615
1249694
1249720
1249733
1249904
1250307
1250348
1250364
1250548
1250604
1250779
1250861
1250950
1250978
1251264
1251306
1251332
1251351
1251750
1251756
1251923
1252088
1252233
1252254
1252435
1252507
1252705
1252896
1252924
1252958
1253044
1253150
1253444
1253461
1253536
1253887
1253992
1254025
1254548
1254590
1254760
1254962
1254977
1255079
1255123
1255282
1255544
1255564
1255816
1255930
