987913
987929
987964
988169
988281
988467
988615
988617
988804
989027
989086
989172
989327
989484
989747
989751
989759
989812
989950
990169
990275
990302
990376
990631
990707
990823
990990
991158
991193
991325
991429
991451
991572
991703
991763
991936
991994
992036
992064
992536
992555
992641
992668
992851
992891
992921
993085
993111
993185
993193
993229
993411
993468
993624
993907
994011
994034
994220
994244
994458
994596
994757
994816
994885
995243
995253
995268
995468
996002
996088
996280
996330
996362
996435
996849
996981
997040
997044
997053
997069
