1217622
1217634
1217842
1217856
1217952
1218233
1218401
1218425
1218597
1218802
1218856
1218955
1219072
1219164
1219374
1219568
1219656
1219934
1220475
1220557
1220569
1220601
1220700
1220743
1220817
1220850
1220886
1220923
1220952
1221127
1221440
1221481
1221738
1221802
1222083
1222420
1222445
1222625
1222664
1222726
1222755
1222891
1222937
1223095
1223213
1223535
1223819
1223839
1224037
1224126
1224197
1224489
1224724
1225141
1225218
1225443
1225734
1225747
1226194
1226201
1226261
1226289
1226342
1226544
1226627
1226646
1226657
1226717
1226838
1226878
1226895
