490167
490172
490245
490388
490697
490748
490795
490904
491010
491094
491112
491294
491308
491682
491774
492127
492217
492420
492505
492810
492850
493059
493128
493262
493284
493305
493612
493617
493775
493905
493998
494087
494362
494453
494614
494708
494852
494984
494990
495009
495101
495531
495537
495543
495601
495621
495804
496089
496132
496233
496653
496726
496735
496920
497440
497525
497756
497757
497869
497961
497963
498004
498067
498226
498299
498310
498325
498421
498460
498559
498944
498945
499051
499122
499126
499246
499317
499318
499356
499361
