508990
509401
509420
509427
509447
509488
509902
510123
510187
510270
510392
510642
510665
510712
510740
510744
510818
511000
511072
511145
511152
511285
511931
512072
512204
512254
512269
512283
512403
512652
512764
512769
512822
512837
512938
513048
513062
513201
513219
513266
513532
513623
513953
514159
514217
514233
514253
514306
514443
514611
514712
514809
514827
514836
514871
514956
515155
515165
515222
515237
515388
515485
515504
515576
515620
515624
515648
515711
515757
515947
515950
516038
516063
516351
516448
516589
516631
516673
516696
516855
516869
516987
517067
517337
517376
517413
517578
517782
517924
518036
518114
518117
