709823
709942
709974
710105
710133
710170
710246
710260
711072
711162
711204
711238
711266
711288
711393
711395
711671
711730
711733
711854
711911
711990
711999
712055
712171
712371
712401
712408
712434
712450
712709
713037
713141
713212
713507
713522
713812
713813
713824
713879
713912
714051
714112
714117
714118
714137
714370
714429
714511
714628
714797
714832
714843
714954
714974
715308
715345
715352
715399
715408
715556
715662
715964
716033
716181
716465
716774
716936
717270
717362
717395
717748
717885
717892
717989
718070
718123
718131
718327
718424
718445
718534
718733
718832
719039
719228
