259194
259248
259484
259614
259844
260169
260263
260350
260803
260837
260855
261102
261124
261157
261300
261308
261314
261348
261379
261497
261547
261717
261828
261893
262277
262327
262335
262338
262539
262573
262674
262720
262870
262936
263005
263009
263017
263153
263190
263531
263545
263625
263894
263902
263983
263997
264009
264278
264483
264847
264959
265053
265222
265242
265250
265301
265475
265570
265915
265954
265959
266088
266158
266292
266529
266561
266749
266753
266961
267043
267051
267057
267362
267415
267420
267468
267622
267741
267799
267887
267970
268086
268096
268115
268161
268265
268273
268398
268410
268428
268433
