1514088
1514142
1514212
1514338
1514430
1514459
1514491
1514502
1514520
1514568
1514582
1514753
1514940
1515309
1515655
1515851
1516067
1516101
1516111
1516188
1516215
1516371
1516442
1516888
1516983
1517023
1517087
1517092
1517220
1517560
1517905
1518076
1518272
1518468
1518563
1518720
1518959
1519046
1519105
1519300
1519502
1519876
1519919
1519938
1520021
1520327
1520331
1520409
1520477
1520651
1520777
1521273
1521427
1521455
1521537
1521558
1521698
1521730
1521732
1521749
1521839
1521895
1521929
1522061
1522120
1522136
1522148
1522280
1522311
1522333
1522376
1522466
1522590
1522617
1522707
1522902
1522950
1522953
1522974
1523089
1523160
1523224
1523283
1523500
