1236712
1236813
1236874
1236984
1236987
1236998
1237199
1237217
1237785
1237826
1238185
1238427
1238683
1238728
1238734
1238777
1238971
1239115
1239200
1239218
1239313
1239523
1239653
1239692
1240089
1240429
1240489
1240886
1241076
1241117
1241219
1241337
1241362
1241438
1241637
1241730
1242256
1242306
1242386
1242423
1242481
1242546
1242621
1242721
1242844
1242911
1243077
1243105
1243209
1243227
1243320
1243619
1243891
1244106
1244112
1244235
1244326
1244546
1244560
1244647
1244654
1244661
1244807
1244848
1244882
1245017
1245167
1245724
1245766
1245811
1245818
1245847
1245895
1245911
1246035
1246070
1246219
