1552803
1552804
1552816
1552978
1553153
1553221
1553767
1553768
1553770
1553843
1554005
1554088
1554273
1554385
1554411
1554459
1554765
1554943
1555222
1555234
1555333
1555337
1555397
1555451
1555713
1555963
1556075
1556168
1556210
1556218
1556609
1556618
1556666
1556710
1556721
1556857
1556977
1556986
1557035
1557108
1557158
1557215
1557252
1557268
1557415
1557457
1557565
1557601
1557609
1557810
1557913
1558084
1558148
1558279
1558356
1558449
1558557
1558685
1558707
1558719
1558890
1558961
1559007
1559123
1559230
1559246
1559331
1559476
1559656
1559701
1559709
1559794
1560168
1560255
1560259
1560518
1560561
1560595
1560609
1560641
1560942
1560982
1561141
1561150
1561168
1561183
1561476
1561742
1561801
1561858
1561859
1561896
1562388
