1447273
1447364
1447609
1447628
1447661
1448019
1448047
1448451
1448564
1448623
1448698
1448868
1448926
1449050
1449096
1449261
1449404
1449492
1449651
1449681
1449726
1449738
1449795
1449801
1449881
1449924
1449987
1449991
1450230
1450271
1450342
1450473
1450476
1450527
1450642
1450751
1450794
1450984
1451301
1451444
1451574
1451607
1451758
1451816
1451832
1451856
1452047
1452561
1452615
1452619
1452746
1452781
1452794
1452861
1453031
1453103
1453123
1453133
1453149
1453334
1453650
1453663
1453673
1453731
1453812
1453857
1453877
1453951
1454432
1454438
1454439
1454455
1454545
1454648
1454665
1454757
1454822
1454825
1455009
1455039
1455092
1455298
1455493
1455543
1455593
1455634
1455746
1455960
1456042
1456072
1456104
1456123
1456304
1456556
1456638
1456715
