1341942
1342126
1342130
1342160
1342237
1342508
1342595
1342798
1343117
1343132
1343267
1343336
1343452
1343555
1343569
1343660
1343915
1343918
1344134
1344227
1344377
1344380
1344387
1344491
1344618
1344638
1344709
1344776
1344983
1345100
1345156
1345320
1345343
1345522
1345560
1345692
1345979
1345992
1346013
1346018
1346166
1346301
1346377
1346509
1346532
1346576
1346785
1346928
1346972
1347287
1347348
1347361
1347602
1347607
1347678
1347705
1347866
1347936
1348276
1348447
1348544
1348647
1348999
1349095
1349401
1349465
1349804
1349820
1349908
1349945
1350326
1350385
1350464
1350527
1350561
1350784
1350959
1350963
1351125
1351293
1351340
1351398
1351514
