518290
518348
518901
519121
519195
519386
519439
519452
519513
519735
519778
519798
519825
520092
520218
520378
520422
520532
520582
520668
520749
520787
520869
520966
521213
521329
521401
521459
521554
521561
521956
522032
522084
522204
522215
522263
522332
522348
522415
522697
523136
523236
523244
523267
523285
523293
523474
523531
523561
524373
524393
524674
524727
524746
524833
524963
524986
524994
525200
525318
525367
525511
525524
525712
525791
525850
525940
525988
526074
526079
526219
526695
526909
527021
527132
527541
527692
