1428350
1428372
1428398
1428461
1428494
1428806
1428897
1429248
1429643
1430089
1430142
1430392
1430437
1430564
1430623
1430668
1430726
1430746
1430868
1431052
1431125
1431149
1431397
1431439
1431888
1431902
1432289
1432635
1432674
1432942
1433034
1433068
1433075
1433089
1433247
1433613
1433805
1433828
1433928
1433936
1434177
1434238
1434360
1434524
1434585
1434681
1434863
1435035
1435075
1435095
1435125
1435268
1435286
1435325
1435379
1435416
1435595
1435691
1435715
1435753
1435891
1435956
1436238
1436279
1436492
1436682
1436759
1437094
1437119
1437145
1437188
1437341
1437362
1437390
1437859
1437882
1437903
