345744
345783
345785
345790
345912
345987
346015
346217
346225
346450
346458
346743
346945
346991
347029
347148
347227
347290
347327
347355
347568
347580
347604
347640
347667
347808
347908
347966
347987
348016
348035
348050
348166
348400
348497
348513
348702
348761
348833
348869
348945
349032
349064
349110
349155
349158
349206
349220
349315
349352
349423
349539
349666
349922
349990
350210
350383
350624
350743
350924
350967
351007
351203
351256
351589
351605
351615
351998
352007
352060
352118
352253
352336
352558
352767
352916
353133
353155
353595
353671
353734
353894
353942
354125
354234
354526
354628
354751
354867
355028
355141
355195
