393696
393721
394113
394217
394229
394269
394273
394317
394573
394629
394729
395206
395583
395602
395642
395657
395731
395745
396004
396051
396297
396634
396731
396779
397268
397279
397326
397360
397370
397373
397483
397795
397855
398011
398160
398165
398279
398304
398334
398388
398445
398478
398697
398705
398794
398891
399072
399140
399193
399256
399280
399412
399456
399518
399548
399554
399717
400210
400265
400316
400346
400488
400631
400896
400910
401123
401523
401614
401720
401737
401990
402015
402173
402177
402274
402330
402659
402699
402812
402938
