1380501
1380745
1380746
1381247
1381266
1381339
1381424
1381438
1381515
1381556
1381575
1381605
1381700
1381792
1381809
1382056
1382108
1382116
1382120
1382177
1382576
1382677
1382788
1382870
1383010
1383335
1383383
1383411
1383610
1383625
1383697
1383738
1383862
1384034
1384076
1384265
1384413
1384469
1384479
1384578
1384656
1384701
1385059
1385216
1385589
1385623
1385744
1385757
1385962
1386018
1386064
1386289
1386327
1386410
1386419
1386590
1386692
1386749
1386978
1387121
1387233
1387240
1387297
1387387
1387478
1387580
1387738
1387807
1387882
1387977
1388063
1388121
1388277
1388385
1388392
1388561
1388673
1389189
1389342
1389377
1389674
1389859
1389895
1389902
