268680
268702
268723
268775
268973
269313
269497
269590
269691
269867
269931
270155
270159
270237
270284
270349
270388
270418
270473
270675
270693
271192
271341
271428
271479
271564
271653
271698
271715
271863
271927
271937
271997
272134
272135
272151
272155
272298
272357
272365
272503
272949
273071
273187
273199
273260
273325
273563
273711
273734
273818
274204
274379
274433
274440
274495
274496
274627
274665
274945
275069
275236
275330
275417
275423
275429
275505
275879
275915
275996
276066
276301
276346
276413
276478
276540
276656
276894
276962
276983
277097
277175
277183
277478
277585
277790
277791
277795
277996
278007
278049
278112
278209
278264
278299
