220750
220807
220841
220919
220943
220985
221273
221291
221336
221380
221486
221620
221753
222047
222055
222084
222103
222220
222275
222461
222531
222582
222604
222616
222674
222945
223405
223425
223536
223557
223619
223667
223817
223965
224595
224821
224844
224916
225098
225252
225261
225367
225382
225573
225636
225782
225861
225948
225953
226189
226291
226323
226336
226413
226481
226599
226601
226808
226931
227040
227221
227650
228136
228146
228269
228367
228606
228828
228928
228945
229010
229023
229056
229161
229233
229304
229637
229693
230009
230097
230161
