748095
748387
748518
748581
748627
748714
748794
749008
749196
749209
749466
749516
749546
749625
749697
749802
749846
750213
750412
750661
750762
750784
750787
750844
751116
751264
751504
751669
751764
751786
752253
752576
752741
752814
753016
753117
753221
753305
753367
753535
753805
753839
753862
753944
754024
754361
754379
754382
754406
754543
754640
754669
754830
754883
754888
754957
755017
755060
755125
755175
755235
755308
755607
755712
756011
756061
756112
756167
756177
756199
756259
756338
756517
756675
756810
756818
757049
757113
757253
757308
757323
757592
757775
