201256
201257
201340
201376
201580
201780
201959
202002
202025
202251
202444
202619
202683
202721
202747
202967
203054
203097
203157
203420
203445
203493
203725
203729
203730
203807
204070
204106
204196
204243
204262
204287
204504
204556
204624
204821
204859
205015
205167
205219
205603
206298
206303
206372
206386
206601
206717
206786
206798
206910
206983
207193
207648
207751
207792
207796
207811
208015
208100
208267
208528
208969
209102
209337
209430
209501
209621
209630
209720
209872
210620
210670
210835
210896
210928
