575821
576121
576251
576316
576364
576549
576640
576764
577024
577212
577449
577558
577632
577643
577671
577993
578192
578426
578631
578652
578664
578942
579082
579247
579614
579739
579768
579897
580177
580249
580480
580488
580528
580620
580951
581102
581104
581553
581615
581733
581762
581877
581899
581955
581981
582093
582102
582119
582134
582145
582161
582235
582278
582308
582428
582500
582553
582822
583062
583188
583282
583317
583333
583423
583534
583562
583694
583972
584001
584252
584268
584462
584631
584737
584777
584987
584993
585049
