1475947
1476124
1476133
1476424
1476559
1476594
1476873
1476935
1476997
1477055
1477264
1477397
1477503
1477519
1477587
1477748
1477804
1477926
1477990
1478143
1478239
1478257
1478262
1478282
1478373
1478944
1478971
1479121
1479161
1479215
1479417
1479647
1479682
1479758
1479778
1479912
1480044
1480273
1480356
1480398
1480721
1480734
1480780
1481055
1481177
1481276
1481356
1481587
1481752
1481898
1482102
1482278
1482310
1482820
1482881
1482889
1482955
1483057
1483071
1483294
1483416
1483610
1483620
1483744
1483908
1483994
1484195
1484259
1484281
1484622
1484711
1484885
1484903
1485069
