661878
662322
662436
662576
662614
662682
662852
662876
662924
662991
662992
663095
663143
663322
663410
663449
663481
663540
663887
664097
664242
664409
664627
664968
664984
665061
665067
665157
665258
665315
665399
665410
665480
665554
665767
665880
665894
666107
666158
666438
666714
667033
667079
667395
667398
667561
667577
667592
667683
667821
668020
668066
668161
668168
668271
668285
668369
668407
668409
668549
668559
668577
668726
668883
669030
669221
669250
669942
670030
670187
670259
670311
670361
670373
670459
670463
670494
670566
670679
670762
670799
670985
671198
