1112258
1112288
1112299
1112564
1112777
1112795
1112837
1112860
1112893
1113190
1113203
1113348
1113402
1113485
1113615
1113621
1113829
1113963
1113987
1114000
1114036
1114281
1114403
1114442
1114444
1114479
1114522
1114784
1114795
1115029
1115056
1115215
1115469
1115689
1115836
1115862
1115887
1116049
1116134
1116164
1116357
1116358
1116367
1116374
1116389
1116659
1116771
1116800
1116906
1116924
1117007
1117043
1117073
1117181
1117268
1117353
1117505
1117520
1117699
1117708
1117876
1117883
1117919
1118140
1118176
1118207
1118223
1118646
1118666
1118745
1118846
1118914
1118944
1119131
1119139
1119444
1119523
1119646
1119667
1119685
1119803
1120033
1120151
1120205
1120424
1120917
1120971
1121013
1121158
1121265
1121381
1121673
1121730
