997643
997668
997833
997852
997854
997896
998022
998086
998139
998276
998288
998341
998349
998590
998681
998790
998968
999052
999460
999519
999569
999645
999653
999692
999722
999813
999868
1000005
1000006
1000174
1000178
1000506
1000568
1000758
1000860
1001003
1001267
1001291
1001331
1001409
1001455
1001668
1001689
1001697
1002050
1002140
1002146
1002197
1002230
1002297
1002357
1002410
1002579
1002650
1002681
1002967
1003052
1003274
1003324
1003455
1003511
1003616
1003663
1003716
1003838
1003882
1003962
1003964
1004264
1004313
1004356
1004363
1004391
1004438
1004451
1004465
1004569
1004593
1004735
1005048
1005165
1005383
1005495
1005838
1005853
1005899
1005930
1005991
1006042
1006227
1006244
1006874
1006942
