451241
451336
451574
451724
451840
451940
451944
452079
452146
452170
452208
452209
452239
452377
452744
452868
452979
452986
453086
453087
453124
453566
453791
454491
454694
454740
454787
454916
454990
455003
455368
455432
455448
455500
455574
455702
455788
455905
455951
456013
456088
456115
456266
456307
456449
456626
456629
456660
456770
456987
457067
457208
457306
457352
457669
457709
457737
457800
457825
458357
458576
458620
458819
458874
459082
459083
459118
459288
459294
459433
459498
459592
459849
460014
460110
460186
460346
460424
460441
460567
460605
460607
460750
