642947
642963
642990
643056
643108
643231
643400
643780
643839
643912
644040
644133
644217
644259
644399
644413
644416
644419
644435
644440
644666
644903
645041
645263
645291
645406
645497
645556
645592
645640
645747
645823
645826
645830
645861
645981
646080
646600
646683
647072
647116
647293
647362
647392
647496
647562
648002
648283
648390
648393
648478
648565
649286
649329
649503
649687
649705
649845
650159
650258
650345
650626
650630
650686
650802
650875
650927
650961
651008
651024
651186
651209
651378
651606
651759
652028
652090
652112
652136
