172671
173227
173395
173456
173599
173625
173644
173672
173795
174067
174292
174295
174304
174340
174435
174489
174568
174704
174943
175065
175129
175269
175434
175530
175766
175888
175937
176006
176047
176100
176128
176165
176183
176519
176726
176884
177272
177422
177427
177483
177691
177692
177743
177891
177960
178006
178175
178351
178361
178372
178572
178611
179288
179434
179443
179525
179559
179568
179903
180008
180079
180136
180422
180637
180781
180909
181152
181248
181249
181263
181346
181410
181438
181681
181741
181773
181833
181899
182040
