776890
776927
776940
777053
777069
777073
777078
777123
777446
777558
777729
777764
777952
777980
778100
778241
778330
778486
778720
779008
779071
779199
779270
779441
779701
779720
779864
779982
780219
780369
780619
780626
780630
780764
780793
781022
781086
781098
781362
781483
781568
781748
781755
781916
781942
782108
782121
782159
782241
782478
782673
782862
782895
783003
783269
783317
783356
783777
783993
784066
784286
784353
784406
784507
784678
784708
784944
785132
785211
785212
785223
785297
785475
785507
785758
785763
786025
786054
786185
786247
