566390
566431
566497
566566
566685
566754
566762
566829
566998
567081
567203
567388
567576
567815
567872
568173
568406
568456
568519
568521
568525
568748
568795
568813
568889
569305
569447
569564
569650
569685
569770
570165
570224
570509
570711
570975
571001
571149
571227
571277
571304
571725
571770
571802
572028
572057
572109
572288
572313
572324
572511
572592
572601
572644
572834
572992
573007
573026
573070
573128
573299
573522
573583
573687
573775
573833
573920
574000
574118
574284
574322
574348
574652
574706
574811
574869
574958
575079
575357
575495
