795897
795920
796106
796140
796156
796365
796618
796840
796885
796911
796972
797037
797396
797400
797435
797439
797888
798417
798502
798683
798829
798944
799085
799329
799468
799525
799610
799717
799744
799881
800008
800175
800219
800523
800553
800796
800805
800818
800950
801072
801114
801282
801500
801717
801993
802013
802132
802168
802188
802205
802313
802314
802329
802375
802409
802429
802446
802467
802476
802590
802639
802674
802791
802803
802935
803023
803102
803115
803202
803237
803290
803370
803566
803581
803595
803808
804009
804077
804173
804205
804484
804783
804803
804807
804873
804953
805018
805045
805070
805239
805262
805518
