863048
863074
863087
863526
863550
863664
863684
863779
863804
863864
863888
864247
864276
864391
864476
864582
864850
864997
865170
865205
865232
865608
865715
865799
866074
866124
866234
866398
866578
866684
866732
867032
867131
867315
867654
867708
867845
867931
868013
868070
868209
868299
868317
868397
868462
868500
868712
868878
869094
869104
869236
869243
869307
869447
869465
869473
869565
869704
869910
869994
870111
870128
870166
870219
870245
870345
870382
870862
870960
870979
870999
871017
871065
871506
871668
871672
872086
872113
872345
872367
872461
872556
872587
872627
