1735142
1735189
1735300
1735311
1735384
1735612
1735641
1735711
1735718
1735803
1735822
1735830
1735989
1736069
1736162
1736180
1736196
1736202
1736226
1736251
1736642
1736848
1736996
1737083
1737096
1737166
1737558
1737591
1737638
1737820
1738053
1738064
1738078
1738416
1738592
1738745
1738812
1738861
1739183
1739667
1739675
1739835
1740038
1740118
1740167
1740351
1740392
1740518
1741144
1741280
1741469
1741570
1741705
1741761
1741778
1741928
1742121
1742161
1742272
1742372
1742454
1742607
1742628
1742728
1742763
1742782
1742875
1743149
1743172
1743186
1743210
1743666
1743765
1743811
1743835
1743857
1743954
1743978
1744077
1744214
1744228
1744333
1744348
1744378
1744424
1744434
1744436
1744505
