1581581
1581596
1582041
1582286
1582329
1582491
1582592
1582754
1582769
1582916
1582991
1583005
1583841
1584548
1584584
1584714
1584733
1585025
1585150
1585287
1585369
1585371
1585432
1585451
1585499
1585526
1585575
1585576
1585805
1585875
1585968
1586037
1586085
1586420
1586500
1586520
1586521
1586661
1586689
1586696
1586697
1586729
1586810
1586885
1587150
1587207
1587565
1587588
1587685
1587707
1587728
1587740
1587766
1587870
1587931
1587982
1588265
1588416
1588657
1588758
1588784
1588833
1588925
1589083
1589257
1589313
1589510
1589643
1589697
1589777
1589814
1589908
1590026
1590144
1590270
1590509
1590824
1590864
1590968
