374393
374417
374453
374474
374633
375023
375095
375158
375263
375463
375537
375742
375866
375878
375886
375931
375951
375983
375989
375999
376132
376332
376480
376514
376738
376889
377073
377234
377277
377363
377364
377776
378100
378127
378152
378279
378402
378950
379123
379124
379179
379350
379518
379639
379641
379696
379743
379901
380082
380611
380635
380690
380750
380929
380965
381383
381485
381519
381648
381676
381895
382077
382159
382203
382281
382317
382420
382473
382521
382674
382730
382890
382965
383095
383157
383248
383288
383354
383444
383503
383560
383568
383626
383693
383705
383746
383778
383939
