1045219
1045309
1045329
1045450
1045657
1045977
1046027
1046109
1046255
1046289
1046339
1046662
1046806
1046850
1046864
1047211
1047353
1047768
1048131
1048157
1048356
1048364
1048378
1048418
1048449
1048454
1048675
1048684
1048703
1048721
1048913
1048935
1048937
1049009
1049072
1049225
1049253
1049285
1049807
1049898
1050196
1050220
1050275
1050434
1050601
1050602
1050774
1050889
1050933
1050953
1051090
1051331
1051365
1051392
1051642
1051869
1051907
1052194
1052278
1052498
1052776
1052891
1052963
1052990
1053508
1053662
1053757
1053943
1054046
1054053
1054073
1054103
1054211
1054502
1054617
