1275052
1275068
1275138
1275155
1275225
1275243
1275273
1275325
1275551
1275772
1275901
1276132
1276353
1276394
1276534
1276674
1276834
1276885
1276900
1276993
1277096
1277139
1277224
1277246
1277255
1277286
1277294
1277372
1277555
1277589
1277756
1277853
1277924
1278275
1278332
1278585
1278616
1278652
1278803
1278895
1278956
1279050
1279381
1279392
1279772
1279775
1279866
1279874
1280264
1280352
1280398
1280413
1280539
1280574
1280641
1280971
1281096
1281159
1281167
1281203
1281324
1281517
1281642
1281723
1282011
1282230
1282258
1282623
1282660
1282708
1282712
1282857
1283059
1283158
1283371
1283705
1283713
1283950
1284081
1284119
1284127
1284510
1284613
1284687
