1351615
1351681
1351768
1351770
1351811
1351836
1351841
1351971
1352207
1352318
1352323
1352358
1352431
1352434
1352687
1352766
1352849
1353015
1353017
1353031
1353079
1353119
1353419
1353510
1353679
1353804
1353942
1353960
1354045
1354092
1354148
1354223
1354348
1354609
1354643
1354645
1354666
1354672
1354780
1354823
1354846
1354946
1355068
1355839
1355933
1356043
1356053
1356083
1356380
1356576
1356747
1356888
1356989
1356994
1357348
1357495
1357498
1357708
1357951
1358069
1358329
1358458
1358469
1358647
1358661
1358724
1358788
1358955
1359104
1359192
1359446
1359653
1359726
1359806
1360298
1360413
1360671
1360891
