499394
499422
499816
499871
500133
500158
500243
500259
500268
500300
500427
500465
500601
500678
500979
500984
501119
501184
501390
501430
501440
501493
501500
501635
501757
501766
501861
501947
502040
502049
502085
502153
502269
502400
502600
502632
502889
502981
503005
503242
503251
503378
503453
503536
503820
503846
504104
504155
504331
504374
504403
504614
504752
504851
504980
505052
505083
505086
505203
505403
505489
505545
505816
506036
506039
506045
506089
506112
506134
506212
506287
506304
506422
506551
506623
506655
506745
507215
507236
507284
507561
507584
507917
508046
508221
508291
508398
508476
508567
508739
