901914
901960
902017
902101
902456
902509
902544
902736
902759
902798
903039
903250
903270
903289
903399
903562
903671
903808
903897
903907
903921
904295
904382
904666
904856
904887
904922
904927
904977
905591
905869
906250
906364
906491
906672
906685
906752
907103
907236
907249
907774
908020
908052
908181
908217
908308
908361
908432
908760
908824
908837
908932
908976
909006
909285
909479
909551
909552
909589
909612
909662
909879
909951
910189
910259
910346
910602
910979
911013
911028
911067
911186
