1179331
1179529
1179532
1179552
1179812
1179882
1179979
1180070
1180153
1180203
1180297
1180475
1180818
1180839
1181116
1181123
1181132
1181192
1181201
1181226
1181267
1181283
1181452
1181460
1181531
1181545
1181549
1181620
1181704
1181710
1181769
1181922
1182048
1182139
1182443
1182458
1182482
1182661
1182705
1182831
1182925
1182972
1183065
1183203
1183248
1183375
1183483
1183500
1183504
1183692
1183700
1183716
1183753
1183947
1184000
1184029
1184162
1184363
1184395
1184447
1184567
1184660
1184695
1185000
1185041
1185149
1185314
1185343
1185580
1185593
1185637
1185659
1185800
1185829
1186053
1186137
1186156
1186205
1186361
1186424
1186480
1186638
1186805
1186842
1186873
1186992
1187031
1187217
1187290
1187315
1187319
1187344
1187728
1187890
1187905
1187972
1187989
1188074
1188365
1188491
1188577
1188607
1188667
1188671
1188715
1188726
1188744
1188747
1188750
1188891
