547195
547250
547275
547370
547373
547387
547487
547657
547713
547779
547794
547798
548034
548254
548307
548391
548405
548417
548872
548902
549121
549140
549390
549656
549805
549812
549820
549824
549828
550098
550141
550439
550476
550559
550584
550701
550745
550762
550860
550912
550973
551022
551067
551241
551242
551337
551536
551822
551844
552091
552144
552471
552564
552588
552647
552727
552810
553008
553112
553153
553241
553452
553486
553594
553667
553857
553861
553933
554022
554134
554567
554587
554859
554914
555170
555214
555224
555336
555592
555759
556013
556024
556037
556040
556177
556249
556276
556408
556591
556629
556675
556751
