278353
278364
278602
278695
278774
278848
278989
279118
279120
279201
279331
279451
279582
279701
279772
279831
279952
280012
280071
280333
280614
280680
280692
281261
281323
281549
281557
281717
281870
281914
281926
281942
282067
282115
282181
282211
282363
282491
282492
282503
282508
282682
282737
282760
282843
282957
282967
283029
283030
283236
283320
283568
283658
283786
283858
283899
283913
284195
284260
284381
284503
284530
284622
284789
284797
284986
285058
285121
285270
285293
285294
285327
285397
285423
285449
285554
285562
285752
285848
285930
285989
286016
286057
286175
286267
286283
286362
286475
286543
286545
287006
287063
287067
287176
287199
287300
287437
287518
287669
287685
287893
288033
