1083531
1083533
1083585
1083751
1083947
1084140
1084153
1084186
1084246
1084264
1084491
1084525
1084562
1084803
1084811
1085002
1085143
1085206
1085241
1085504
1085596
1085688
1085808
1085858
1085864
1086264
1086630
1086876
1086926
1087025
1087026
1087097
1087225
1087381
1087473
1087546
1087585
1087788
1087989
1088159
1088512
1088855
1088890
1088898
1088914
1089124
1089135
1089139
1089271
1089274
1089296
1089332
1089400
1089461
1089712
1089897
1089957
1090011
1090064
1090230
1090395
1090585
1090687
1090794
1090896
1091036
1091201
1091282
1091300
1091961
1091973
1092530
1092559
1092561
1092596
1092766
