1725582
1725757
1725818
1726088
1726440
1726491
1726599
1726718
1726988
1727137
1727434
1727896
1727912
1727932
1728046
1728224
1728449
1728638
1728725
1728763
1729033
1729331
1729375
1729431
1729531
1729588
1729763
1729857
1730115
1730141
1730159
1730302
1730317
1730464
1730804
1731186
1731202
1731207
1731211
1731519
1731639
1731918
1731998
1732013
1732128
1732188
1732326
1732414
1732452
1732554
1732800
1732906
1732939
1732994
1733064
1733280
1733318
1733446
1733493
1733617
1733720
1733757
1733769
1734029
1734174
1734209
1734253
1734349
1734457
1734463
1734487
1734542
1734593
1734694
1734710
1734715
1734802
