940328
940359
940438
940477
940652
940818
940935
940943
940948
941126
941235
941566
941665
942199
942211
942490
942586
942694
942700
942890
943126
943147
943290
943477
943502
943530
943655
943746
943797
943952
943981
944037
944109
944153
944332
944378
944671
945202
945302
945509
945598
945898
946148
946149
946164
946307
946373
946412
946429
946452
946462
946489
946763
946955
947018
947067
947317
947378
947412
947462
947619
947790
947942
948045
948295
948307
948342
948352
948382
948499
948536
948561
948666
948827
948939
949035
949092
949221
949334
949401
949473
949489
949584
949598
949634
