1533379
1533458
1533462
1533698
1533945
1533951
1533962
1534008
1534135
1534140
1534177
1534465
1534552
1534795
1534803
1534832
1535188
1535747
1536043
1536078
1536092
1536204
1536419
1536498
1536535
1536700
1536777
1536807
1536905
1536912
1536925
1536942
1536998
1537044
1537096
1537202
1537284
1537382
1537827
1537862
1537990
1538282
1538524
1538752
1538961
1539120
1539410
1539493
1539553
1539577
1539647
1539674
1539757
1540099
1540112
1540216
1540243
1540260
1540341
1540363
1540392
1540492
1540634
1540669
1540889
1541136
1541203
1541222
1541395
1541406
1541911
1542094
1542263
1542397
1542830
