1064527
1064616
1064795
1064807
1064882
1064886
1064946
1065130
1065441
1065570
1065643
1065668
1065669
1066196
1066278
1066400
1066490
1066520
1066991
1067167
1067187
1067190
1067224
1067281
1067349
1067425
1067615
1067687
1067718
1068127
1068148
1068252
1068366
1068561
1068618
1068704
1068842
1069307
1069336
1069379
1069783
1070006
1070105
1070143
1070179
1070503
1070711
1070740
1070903
1070979
1070999
1071019
1071113
1071140
1071177
1071257
1071432
1071498
1071653
1071804
1071875
1072159
1072189
1072210
1072251
1072346
1072623
1072721
1072788
1072938
1073178
1073407
1073508
