1687543
1687718
1687720
1687987
1688145
1688373
1688479
1688594
1688610
1688660
1688670
1688782
1688784
1688904
1688984
1689114
1689209
1689245
1689352
1689399
1689595
1689641
1689766
1689992
1690199
1690228
1690572
1690720
1690935
1690948
1691062
1691071
1691093
1691535
1691538
1691552
1691761
1691840
1691869
1692181
1692416
1692640
1692654
1692680
1692729
1692739
1692793
1693103
1693254
1693617
1693618
1693630
1693667
1693754
1693806
1693887
1693927
1694269
1694498
1694646
1694673
1694709
1694760
1694763
1694804
1695011
1695288
1695400
1695439
1695483
1695592
1695701
1695822
1695859
1695916
1695972
1696055
1696060
1696193
1696269
1696430
1696472
1696552
1696819
1696853
1696860
