537513
537641
537931
538249
538492
538503
538550
538598
538618
538723
538730
538768
538834
539039
539203
539281
539344
539403
539597
539619
539643
539859
539957
540049
540051
540514
540537
540577
540700
540940
541369
541446
541654
541686
542067
542145
542380
542426
542478
542485
542559
542598
542680
542929
543234
543256
543368
543404
543405
543483
543571
543781
543901
543950
543966
544013
544026
544316
544414
544543
545123
545158
545237
545274
545295
545301
545349
545405
545410
545459
545461
545700
545900
546596
547056
