623551
623588
623811
624042
624346
624380
624522
624589
624604
624967
625016
625047
625108
625118
625149
625182
625238
625257
625434
625637
625639
625782
625955
625967
626022
626290
626378
626426
626655
626950
627001
627255
627453
627480
627877
627889
627931
627975
627998
628172
628201
628210
628282
628366
628599
628710
628739
628781
628801
628884
628915
629007
629016
629291
629293
629673
629711
629723
629733
629846
629993
630205
630304
630419
630719
630841
631033
631070
631082
631157
631325
631527
631878
631920
632228
632251
632323
632462
632604
632648
632707
632901
632921
