326605
326645
326905
326932
327252
327271
327601
327609
327625
327844
328073
328141
328159
328216
328325
328454
328491
328555
328659
328684
328788
328793
328973
329191
329263
329568
329626
329654
329809
329847
330118
330140
330193
330271
330369
330644
330671
330705
330736
330738
330812
330878
330987
331104
331325
331455
331553
331658
331736
331883
331887
331915
332024
332329
332340
332460
332597
332634
332805
333149
333181
333215
333451
333528
333687
333708
333734
334047
334143
334184
334372
334382
334448
334468
334490
334569
334712
334738
335192
335237
335272
335551
