1093124
1093164
1093879
1093936
1094074
1094237
1094261
1094450
1094553
1094805
1095208
1095343
1095476
1095504
1095548
1095571
1095689
1095724
1095824
1095951
1095953
1095970
1096167
1096379
1096450
1096698
1096789
1096927
1097099
1097362
1097529
1097538
1097698
1097860
1097917
1098347
1098429
1098664
1098720
1098753
1098755
1098757
1098964
1099232
1099447
1099607
1099958
1100002
1100008
1100065
1100149
1100345
1100351
1100356
1100408
1100490
1100505
1100526
1100616
1100720
1100758
1101108
1101137
1101417
1101499
1101605
1101705
1101844
1101861
1101952
1102442
1102456
