249495
249532
249564
249565
249618
249845
249882
249937
250455
250676
250723
250817
250822
250831
251456
251544
251596
251637
251706
251738
251824
252062
252076
252142
252281
252497
252576
252603
252720
253055
253221
253348
253594
253663
253667
253887
253976
254037
254125
254138
254158
254188
254236
254338
254847
254883
254937
254948
254950
255039
255068
255153
255161
255360
255459
255527
255776
256194
256267
256311
256381
256446
256606
256640
257506
257728
257745
257789
257930
258297
258412
258454
258465
258503
258528
258572
258746
258896
259027
