1504665
1504673
1504678
1504693
1504784
1504873
1504923
1504976
1505154
1505338
1505364
1505415
1505642
1505777
1505786
1505915
1505954
1506012
1506162
1506528
1506629
1506842
1506988
1507041
1507087
1507102
1507232
1507411
1507536
1507635
1507700
1507732
1507803
1507808
1507810
1507979
1508361
1508423
1508470
1508519
1508777
1508831
1509108
1509318
1509447
1509529
1509718
1509875
1510098
1510168
1510274
1510393
1510529
1510719
1510980
1511199
1511255
1511426
1511636
1511722
1511856
1511894
1512029
1512078
1512131
1512157
1512267
1512333
1512367
1512526
1512650
1512802
1512916
1513058
1513235
1513571
1513712
1513735
1513844
