1026099
1026111
1026114
1026143
1026180
1026384
1026422
1026490
1026495
1026666
1026721
1026729
1026757
1026899
1026982
1027178
1027425
1027623
1027776
1027847
1027878
1028003
1028398
1028570
1028695
1028706
1028743
1029120
1029357
1029622
1029656
1029659
1029761
1029842
1029847
1029851
1030014
1030183
1030334
1030346
1030361
1030445
1030488
1030501
1030541
1030634
1030689
1030761
1030847
1030957
1031151
1031210
1031279
1031371
1031409
1031448
1031577
1031617
1031667
1031726
1031849
1032003
1032033
1032099
1032399
1032593
1032707
1032982
1033224
1033266
1033523
1033752
1033960
1033980
1034265
1034273
1034358
1034364
1034537
1034552
1034576
1034683
1035137
1035177
1035296
1035344
1035500
1035543
