1160103
1160112
1160257
1160280
1160333
1160417
1160521
1160743
1160874
1160927
1161188
1161209
1161234
1161264
1161354
1161516
1161788
1161934
1161941
1162109
1162148
1162163
1162230
1162376
1162464
1162561
1162574
1162853
1163116
1163698
1163704
1163720
1163722
1163799
1163865
1164016
1164023
1164036
1164204
1164258
1164273
1164386
1164457
1164474
1164492
1164602
1164667
1164765
1164837
1165246
1165285
1165384
1165824
1165953
1166071
1166072
1166477
1166537
1166589
1167054
1167090
1167169
1167220
1167337
1167402
1167496
1167621
1167814
1167879
1168381
1168405
1168492
1168583
1168601
1168679
1168910
1169178
1169246
1169314
1169535
1169553
1169588
