824703
824705
824750
824837
824906
825408
825424
825501
825533
825703
825819
825831
825861
825885
825940
826054
826419
826449
826564
826632
826717
826875
826880
826920
827474
827510
827719
827901
828115
828131
828176
828186
828738
828763
828799
828826
828872
828890
828993
829464
829566
829601
829659
829700
829733
829847
829947
830154
830185
830271
830351
830538
830740
830994
831023
831301
831562
831609
831617
831621
831741
831752
831840
831875
831992
832191
832306
832335
832407
832505
832569
832784
832902
832940
833155
833198
833224
833319
833477
833652
833752
833767
833862
833866
833928
834006
834050
834106
834192
