930858
930883
930960
931017
931194
931241
931248
931251
931297
931361
931418
931576
931580
931644
931743
931811
932044
932109
932264
932331
932397
932554
932910
932915
932987
933028
933326
933438
933537
933975
934000
934248
934308
934357
934567
934749
934896
934968
935141
935156
935381
935511
935639
935674
936135
936329
936503
936543
936715
936836
936846
937036
937159
937295
937331
937541
937634
937712
937844
937873
937923
938018
938236
938332
938348
938602
938707
938841
939007
939072
939125
939135
939269
939416
939422
939667
939826
939943
939946
940073
940077
940284
