1648749
1648787
1649042
1649061
1649098
1649494
1649640
1649680
1649729
1649735
1649856
1649972
1650149
1650194
1650249
1650266
1650274
1650526
1650553
1650624
1650635
1650663
1650688
1651078
1651128
1651286
1651309
1651648
1651837
1651927
1651935
1651975
1652046
1652048
1652247
1652348
1652387
1652425
1652796
1653042
1653050
1653115
1653285
1653303
1653362
1653375
1653392
1653539
1653647
1653731
1653739
1653982
1654014
1654276
1654277
1654390
1654485
1654538
1654543
1654644
1654850
1654887
1654951
1655019
1655073
1655155
1655260
1655284
1655447
1655455
1655478
1655775
1655846
1655873
1656063
1656082
1656169
1656284
1656317
1656366
1656400
1656428
1656525
1656631
1656741
1657038
1657042
1657052
1657076
1657276
1657676
1657909
1658055
1658109
1658133
1658203
1658253
1658262
1658302
