614007
614107
614211
614223
614259
614357
614569
614593
614634
614794
614950
615076
615186
615216
615235
615363
615434
615492
616004
616155
616252
616316
616446
616518
616623
617069
617135
617178
617464
617558
617610
617626
617638
617844
617973
618064
618081
618101
618113
618234
618343
618410
618428
618498
618563
618566
618597
618618
618675
618682
618755
618869
619124
619285
619295
619367
619370
619387
619389
619482
619650
619652
619942
619954
619958
619986
620306
620476
620560
620634
620750
620754
620809
620816
620819
621005
621099
621148
621208
621432
621467
621632
621736
622092
622128
622248
622476
622593
622654
622747
622803
622835
622882
623069
623370
623372
623470
