460922
461130
461302
461396
461578
461754
461894
461947
462091
462177
462401
462475
462593
462761
462955
463248
463260
463261
463273
463279
463349
463556
464126
464130
464356
464461
464533
464921
464942
464972
464997
465286
465385
465467
465651
465779
465834
465912
466006
466068
466176
466698
466793
466875
467149
467225
467242
467348
467492
467495
467557
467697
467725
467737
467805
467817
467907
468029
468222
468337
468391
468430
468479
468569
468675
468765
468959
469009
469129
469273
469304
469519
469596
469679
469779
469785
469974
470145
470150
470157
470165
470223
470364
470383
470455
470461
470485
