1495011
1495189
1495215
1495267
1495308
1495383
1495417
1495469
1495476
1495495
1495707
1495806
1495814
1495824
1495825
1495844
1495849
1495984
1496066
1496229
1496532
1496610
1496612
1496692
1496797
1496879
1496894
1496916
1496992
1496998
1497069
1497181
1497245
1497617
1497630
1497662
1497772
1497854
1497995
1498017
1498021
1498141
1498285
1498309
1498321
1498324
1498403
1498433
1498524
1498542
1498551
1498741
1499117
1499169
1499298
1499518
1499955
1499972
1499976
1500056
1500080
1500162
1500292
1500476
1500557
1500629
1500639
1500681
1500744
1500859
1500912
1501068
1501296
1501418
1501631
1501891
1502255
1502422
1502432
1502528
1502802
1502890
1503030
1503324
1503660
1503838
1503840
1504070
1504293
1504496
1504577
