431906
431981
431999
432090
432115
432289
432295
432604
432629
432646
432904
432981
433041
433109
433155
433258
433259
433345
433469
433499
433572
433970
434078
434147
434196
434293
434435
434544
434556
434583
434734
434792
434990
435043
435137
435552
435682
435692
435702
435803
435851
435981
435984
435987
436004
436023
436273
436314
436465
436475
436491
436744
436843
436952
437451
437609
437613
437736
437769
438050
438089
438135
438148
438186
438367
438409
438546
438707
438989
439133
439260
439411
439429
439755
439886
439927
440039
440043
440054
440346
440471
440482
440690
440694
440721
440732
440748
440815
440828
440947
441107
441145
441193
441434
