1409011
1409208
1409317
1409389
1409397
1409544
1409576
1409593
1409624
1409679
1409725
1409731
1409786
1409885
1410180
1410200
1410239
1410316
1410353
1410586
1410626
1410753
1410986
1411071
1411122
1411282
1412059
1412072
1412101
1412112
1412150
1412209
1412231
1412323
1412338
1412383
1412600
1412794
1412988
1413069
1413202
1413272
1413361
1413450
1413543
1413781
1414189
1414283
1414337
1414359
1414426
1414616
1414645
1414744
1415168
1415191
1415214
1415237
1415279
1415400
1415437
1415555
1415624
1415805
1415941
1416032
1416097
1416108
1416398
1416452
1416497
1416504
1416526
1416635
1417001
1417281
1417348
1417459
1417465
1417777
1417895
1417914
1418056
1418066
1418117
1418137
1418139
1418140
1418154
1418200
1418247
1418379
1418489
1418533
1418631
