1371108
1371170
1371270
1371355
1371467
1371641
1371789
1371817
1371827
1371844
1371933
1371942
1371989
1371991
1372150
1372267
1372329
1372354
1372363
1373025
1373147
1373218
1373359
1373411
1373414
1373418
1373426
1374255
1374358
1374569
1374974
1375018
1375032
1375081
1375347
1375380
1375424
1375446
1375732
1375940
1375962
1375979
1376242
1376303
1376541
1376658
1376977
1377317
1377379
1377791
1377851
1377919
1378183
1378276
1378298
1378501
1378502
1378715
1378797
1378843
1378908
1378917
1379224
1379245
1379332
1379366
1379446
1379547
1379598
1379657
1379771
1379856
1379950
1380243
1380312
1380330
1380375
1380377
1380395
