1208113
1208152
1208265
1208421
1208446
1208583
1208613
1208662
1208691
1208822
1209096
1209262
1209284
1209291
1209370
1209543
1209711
1210060
1210099
1210162
1210170
1210200
1210426
1210602
1210652
1210709
1210793
1210901
1210943
1210969
1210976
1211110
1211170
1211207
1211221
1211438
1211495
1211587
1211769
1211995
1212122
1212261
1212276
1212425
1212558
1212794
1212860
1213216
1213289
1213348
1213415
1213425
1213480
1213497
1213527
1213838
1213949
1214093
1214185
1214212
1214496
1214573
1214658
1214664
1214775
1214822
1214835
1214997
1215050
1215085
1215387
1215437
1215489
1216089
1216190
1216213
1216253
1216302
1216706
1216722
1216920
1216921
1217058
1217129
1217261
1217351
1217510
1217555
