1140940
1140998
1141065
1141075
1141282
1141373
1141681
1141728
1141858
1141950
1142047
1142318
1142331
1142498
1142508
1142548
1142606
1142664
1142673
1143031
1143277
1143660
1143699
1143775
1143807
1143811
1143850
1143879
1143914
1144044
1144104
1144523
1144906
1144943
1144981
1145221
1145511
1145573
1145580
1145682
1145897
1146104
1146186
1146249
1146311
1146313
1146356
1146444
1146451
1146480
1146568
1146787
1146901
1147473
1147493
1148218
1148435
1148498
1148542
1148583
1148715
1148775
1148782
1148845
1148865
1149153
1149202
1149560
1149646
1149787
1149801
1150023
1150322
