1524079
1524081
1524303
1524373
1524390
1524405
1524498
1524540
1524570
1524590
1524604
1524637
1524762
1524834
1524902
1525126
1525166
1525228
1525289
1525544
1525571
1525718
1525869
1526062
1526076
1526195
1526282
1526418
1526542
1526783
1526808
1526973
1527107
1527423
1527542
1527741
1527913
1528029
1528031
1528172
1528207
1528290
1528295
1528380
1528530
1528575
1529019
1529187
1529398
1529430
1529460
1529479
1529718
1529751
1529825
1529983
1530025
1530031
1530329
1530365
1530387
1530394
1530435
1530609
1530616
1530659
1530756
1530901
1530966
1531185
1531417
1531507
1531613
1531784
1531903
1531942
1531977
1532102
1532117
1532274
1532354
1532474
1532664
1532785
1532974
1533223
