949982
949984
950005
950057
950161
950291
950304
950356
950721
950827
951037
951171
951307
951700
951906
952002
952267
952317
952326
952513
952535
952541
952664
952685
952832
952909
952949
952974
953206
953312
953412
953452
953665
953783
953820
953864
954170
954259
954434
954461
954527
954537
954677
954771
954816
954826
955133
955174
955207
955365
955440
955831
955878
955955
956015
956256
956349
956388
956667
956804
956838
956899
956966
957002
957030
957041
957111
957160
957329
957425
957613
957713
957730
958102
958147
958155
958278
958404
958445
958482
958715
958718
958738
958750
958949
958961
959003
959172
