1169869
1169923
1169993
1170017
1170476
1170485
1170506
1170558
1170730
1170775
1170902
1170944
1170975
1171105
1171177
1171210
1171219
1171784
1171788
1171843
1171955
1171971
1172063
1172682
1172693
1172714
1172727
1172818
1172981
1173045
1173111
1173154
1173176
1173413
1173432
1173926
1174070
1174224
1174227
1174446
1174459
1174473
1174637
1174646
1174809
1174938
1174975
1175147
1175174
1175228
1175231
1175418
1175442
1175522
1175848
1175941
1176196
1176477
1176559
1176566
1176568
1176590
1176632
1176893
1176965
1177036
1177212
1177296
1177471
1177533
1177594
1177598
1177666
1177916
1178043
1178156
1178162
1178477
1178591
1178651
1178807
1178868
1178870
1178888
1178913
