1419101
1419106
1419414
1419600
1419683
1419731
1419756
1420036
1420291
1420320
1420333
1420372
1420623
1420683
1420744
1420833
1420906
1420967
1421002
1421014
1421116
1421154
1421217
1421460
1421535
1421669
1421714
1421735
1421797
1421805
1422037
1422051
1422168
1422191
1422238
1422912
1423001
1423033
1423110
1423171
1423199
1423201
1423249
1423323
1423452
1423455
1423489
1423490
1423643
1423647
1423944
1424062
1424209
1424305
1424427
1424528
1424801
1424859
1425018
1425249
1425293
1425547
1425704
1425706
1425710
1425719
1425741
1425751
1425767
1425837
1425969
1426052
1426057
1426107
1426234
1426353
1426369
1426508
1426669
1426705
1426858
1427089
1427196
1427209
1427305
1427341
1427407
1427428
1427470
1427632
1427757
1427837
1427874
1428004
1428254
