757989
758350
758509
758557
758926
759082
759357
759426
759606
759650
759703
760008
760210
760337
760387
760630
760783
760884
760907
760938
761131
761522
761563
761753
761787
761874
762101
762102
762140
762159
762174
762230
762376
762555
762741
763177
763714
763814
763963
764233
764289
764323
764482
764495
765005
765019
765117
765180
765343
765378
765499
765645
765663
765878
765938
766033
766056
766071
766128
766214
766215
766241
766247
766263
766283
766311
766479
766501
766771
766857
766863
767168
