652177
652252
652255
652347
652477
652695
652730
652746
652795
653003
653023
653093
653103
653135
653273
653550
653552
653558
653671
653832
653856
653917
653940
653961
654228
654323
654386
654411
654484
654608
654962
655361
655391
655449
655723
655796
655821
655998
656348
656504
656534
656577
656583
656615
656705
656734
656740
656770
656889
656892
656967
656997
657119
657233
657281
657393
657516
657621
657878
657915
657983
658007
658021
658086
658222
658238
658369
658461
658520
658574
658763
658915
659099
659123
659157
659190
659301
659313
659471
659528
659777
659814
660048
660131
660166
660769
660883
661230
661242
