978510
978636
978962
979149
979294
979392
979636
979719
979760
980397
980470
980789
981021
981072
981209
981490
981603
981671
981684
981848
981860
981937
982099
982121
982233
982368
982480
982508
982684
982826
982835
983057
983151
983234
983289
983339
983358
983374
983418
983441
983509
983537
983594
983605
983683
983933
984088
984159
984359
984474
984548
984641
984655
984798
984810
984817
985083
985086
985141
985177
985230
985397
985440
985581
985625
985685
985728
985813
986017
986121
986185
986311
986324
986485
986519
986604
986844
986899
986934
986953
987029
987180
987183
987273
987531
987650
987715
987731
