307157
307179
307364
307500
307512
307769
307936
308038
308076
308116
308123
308423
308465
308660
308671
308861
308885
308933
309033
309039
309168
309173
309258
309311
309453
309644
309669
309745
310042
310165
310179
310193
310247
310297
310599
310649
310651
310653
310807
310933
311113
311177
311277
311448
311465
311547
311599
311626
311631
312063
312132
312300
312317
312336
312339
312379
312393
312439
312499
312552
312680
312832
312970
312973
312977
313009
313058
313148
313267
313298
313306
313313
313323
313557
313755
313910
313913
314216
314318
314349
314466
314495
314507
314541
314711
314834
314907
314941
314990
315176
315355
315558
315613
315886
315974
316008
316093
316304
316459
316516
316671
316843
316890
