1322974
1323029
1323159
1323414
1323781
1324022
1324030
1324048
1324051
1324060
1324306
1324344
1324446
1324490
1324502
1324758
1324799
1324959
1325004
1325012
1325087
1325099
1325209
1325288
1325289
1325335
1325379
1325428
1325497
1325761
1326097
1326258
1326310
1326395
1326406
1326414
1326441
1326528
1326664
1326699
1326701
1326987
1327112
1327165
1327486
1327738
1327830
1327958
1328178
1328222
1328266
1328491
1328539
1328652
1328704
1328936
1328971
1329018
1329050
1329221
1329279
1329427
1329480
1329710
1329743
1329941
1330079
1330786
1330906
1331009
1331032
1331308
1331338
1331352
1331500
1331580
1331742
1331834
1332040
1332212
1332235
1332264
1332279
1332301
1332391
