527924
527935
527996
528044
528157
528361
528423
528674
528710
528744
529011
529019
529056
529060
529110
529465
529537
529930
529985
530318
530326
530343
530416
530537
530588
530595
530613
530644
530783
530958
531125
531157
531488
531497
531531
531832
532148
532176
532287
532353
532444
532545
532575
532653
532697
532747
532776
532875
533005
533203
533227
533483
533570
533638
533675
533690
533696
533701
533872
534127
534147
534242
534321
534340
534442
534558
534717
534738
534750
535112
535451
535762
535787
535907
536064
536122
536509
536565
536588
536646
536752
536760
536852
536945
537306
