1629475
1629582
1629870
1630048
1630226
1630246
1630271
1630422
1630469
1630487
1630515
1630897
1631210
1631227
1631249
1631289
1631437
1631458
1631695
1631911
1632100
1632195
1632279
1632284
1632307
1632316
1632413
1632546
1632597
1632694
1632881
1632989
1633127
1633467
1633529
1633556
1633674
1633694
1633804
1633837
1633869
1633937
1634149
1634189
1634311
1634531
1634726
1634824
1635295
1635398
1635586
1635716
1635751
1635950
1636025
1636176
1636261
1636296
1636307
1636327
1636521
1636629
1636643
1636674
1636773
1636774
1636826
1636832
1636899
1636941
1637074
1637445
1637482
1637504
1637599
1637698
1637716
1637754
1637885
1637900
1637922
1638389
1638527
1638540
1638587
1638698
1638899
1638928
1638940
1638946
1639055
1639071
