633249
633522
633611
633741
634181
634196
634503
634519
634796
634807
634816
634858
634878
634993
635067
635339
635650
635738
635765
635851
635919
635941
636019
636045
636072
636311
636416
636715
636724
636728
636784
636951
636983
637083
637264
637268
637290
637581
637611
637613
637631
637734
637748
637793
637850
637879
638165
638273
638337
638419
638538
638630
639190
639198
639285
639430
639800
639838
639869
639934
639969
640068
640076
640102
640248
640259
640394
640429
640476
640516
640680
640727
640759
640873
641010
641083
641085
641293
641320
641386
641479
641522
641542
641635
641670
641865
641986
641988
642020
642156
642302
