1668083
1668161
1668227
1668241
1668352
1668389
1668504
1668712
1668716
1668782
1668852
1669324
1669345
1669357
1669802
1669976
1669986
1670044
1670079
1670230
1670327
1670454
1670488
1670533
1670662
1670954
1670973
1671059
1671080
1671087
1671135
1671273
1671346
1671511
1671565
1671752
1671942
1672047
1672298
1672419
1672650
1672730
1672914
1673166
1673213
1673229
1673234
1673253
1673344
1673346
1673595
1673611
1673749
1673951
1674042
1674129
1674350
1674391
1674437
1674470
1674485
1674503
1674523
1674632
1674757
1674826
1675045
1675184
1675367
1675715
1675740
1676010
1676138
1676390
1676518
1676717
1676719
1676728
1676772
1676794
1676851
1677356
1677404
1677444
1677635
1677651
1677732
