1658591
1659069
1659312
1659319
1659535
1659540
1659563
1659741
1659771
1659912
1659961
1659962
1659965
1659992
1660068
1660135
1660265
1660276
1660369
1660483
1660524
1660723
1660874
1660959
1660978
1660997
1661340
1661432
1661644
1661742
1661797
1661820
1661879
1662074
1662168
1662213
1662243
1662329
1662384
1662420
1662432
1662446
1662451
1662587
1662731
1662769
1663129
1663162
1663185
1663231
1663435
1663465
1663485
1663551
1663616
1663725
1663831
1663923
1664001
1664415
1664473
1664585
1664969
1664992
1665096
1665196
1665222
1665311
1665343
1665404
1666012
1666207
1666284
1666585
1666756
1667036
1667097
1667219
1667367
1667501
1667657
1667741
1667854
1667865
