1677897
1678254
1678302
1678607
1678975
1679060
1679085
1679125
1679182
1679235
1679239
1679299
1679478
1679517
1679687
1679843
1679934
1679965
1680146
1680487
1680662
1680816
1681027
1681200
1681962
1682037
1682195
1682258
1682313
1682350
1682425
1682467
1682481
1682520
1682623
1682626
1682741
1683107
1683181
1683279
1683347
1683424
1683714
1684355
1684399
1684882
1684895
1684936
1684958
1684971
1685096
1685300
1685398
1685410
1685445
1685487
1685499
1685630
1685909
1686088
1686211
1686488
1686575
1686666
1686686
1686802
1687026
1687100
1687407
