1016607
1016690
1016770
1016799
1016985
1016996
1017012
1017159
1017337
1017342
1017355
1017431
1017740
1017915
1018019
1018047
1018064
1018095
1018401
1018496
1018593
1018714
1018731
1018762
1018821
1019211
1019217
1019241
1019258
1019360
1019446
1019457
1019620
1019707
1019813
1019873
1019948
1020048
1020095
1020175
1020182
1020218
1020282
1020401
1020575
1020729
1021236
1021339
1021396
1021416
1021518
1021557
1021588
1021603
1021689
1021702
1021703
1021852
1021892
1022015
1022188
1022353
1022384
1022609
1022656
1022671
1022677
1022687
1022807
1022949
1023058
1023076
1023131
1023173
1023196
1023263
1023304
1023340
1023583
1023584
1023660
1023696
1023748
1023820
1023838
1023924
1023988
1024088
1024182
1024368
1024386
1024482
1024484
1024599
1024722
1024746
1024770
1024914
1024955
1025098
1025102
1025137
1025544
1025778
1025928
