853465
853749
854087
854195
854343
854520
854607
854701
854803
855110
855237
855315
855381
855482
855562
855621
855684
855892
855921
856382
856412
856436
856481
856511
856949
857073
857083
857111
857261
857450
857469
857613
857649
857941
858010
858028
858389
858400
858505
858539
858686
858731
858855
858988
859116
859142
859237
859249
859312
859362
859387
859857
860012
860134
860266
860648
860730
860850
860932
860992
861090
861148
861270
861295
861418
861561
861801
861829
861837
861861
861890
861912
861940
862056
862127
862326
862495
862787
862996
