1485548
1485582
1485607
1485639
1486133
1486237
1486298
1486496
1486542
1486624
1486684
1486816
1486847
1486860
1487049
1487096
1487122
1487324
1487391
1487470
1487515
1487861
1487932
1487997
1488114
1488382
1488396
1488594
1488600
1488756
1488831
1488834
1488959
1489044
1489185
1489245
1489368
1489391
1489407
1489548
1489556
1489880
1490240
1490256
1490449
1490474
1490559
1490574
1490591
1490617
1490931
1491004
1491297
1491647
1491739
1491895
1492162
1492178
1492180
1492227
1492231
1492435
1492518
1492560
1492564
1492647
1492652
1492768
1492811
1492847
1492908
1492965
1493006
1493489
1493558
1493859
1494252
1494279
1494327
1494395
1494419
1494455
1494502
1494638
1494647
1494738
1494788
1494817
1494825
1494835
1494912
1494941
1494950
1494965
