1591673
1591688
1591723
1591805
1591879
1592023
1592157
1592205
1592272
1592298
1592409
1592414
1592439
1592510
1592599
1592666
1592709
1592712
1592802
1592865
1593129
1593207
1593526
1593596
1593628
1593711
1593840
1593911
1593962
1593983
1594006
1594062
1594225
1594254
1594598
1594764
1594793
1594921
1595225
1595260
1595312
1595316
1595322
1595340
1595377
1595378
1595691
1595703
1595742
1595809
1595895
1596086
1596335
1596338
1596347
1596368
1596646
1596799
1596818
1597128
1597211
1597335
1597500
1597768
1597791
1597797
1597852
1597901
1597925
1598181
1598242
1598612
1598626
1598687
1598708
1598721
1598940
1598950
1599047
1599058
1599166
1599428
1599532
1599622
1599675
1599688
1599709
1599897
1599942
1600033
1600220
1600417
