403350
403351
403692
404007
404047
404233
404237
404300
404350
404401
404436
404519
404601
404602
404828
405052
405280
405334
405351
405585
405627
405652
405714
406052
406057
406061
406127
406215
406240
406263
406346
406362
406559
406857
406945
406974
406992
407035
407106
407316
407536
407782
407871
408036
408371
408459
408586
409096
409193
409226
409275
409283
409341
409436
409641
409854
410071
410154
410211
410216
410290
410411
410477
410488
410504
410587
410626
410656
410667
410850
411024
411066
411325
411523
411556
411676
411755
411928
412130
412273
412333
412357
412386
412426
412435
