384135
384323
384582
384619
384652
384678
384713
384806
384938
385075
385172
385201
385278
385318
385497
385633
385645
385650
385790
386110
386197
386249
386394
386585
386649
386798
386840
387028
387063
387451
387635
387777
387864
387930
387991
388173
388214
388318
388569
388625
388690
388780
388938
388996
389251
389267
389549
389575
389694
389852
389946
389949
389987
390071
390267
390277
390830
390862
390898
390929
391058
391145
391185
391225
391705
391712
392239
392365
392475
392594
392783
393066
393133
393173
393401
393409
393481
