230337
230359
230495
230591
230943
230975
231527
231548
231637
231882
232058
232307
232328
232397
232577
232613
232776
232831
233008
233089
233109
233191
233321
233554
233558
233577
233587
233887
234039
234049
234070
234084
234216
234286
234629
234637
234641
234654
234678
234770
234789
234936
234952
235211
235221
235264
235307
235309
235377
235488
235504
235560
235644
235700
235722
235798
235865
235981
235989
236024
236053
236091
236320
236404
236695
236748
236901
237194
237204
237304
237364
237828
237870
237924
237947
237950
237981
238011
238032
238352
238361
238700
238722
238843
238979
239450
239456
239508
239639
