1744507
1744862
1744904
1744936
1745062
1745145
1745319
1745457
1745625
1745643
1746057
1746079
1746082
1746106
1746109
1746233
1746281
1746556
1746559
1746695
1746801
1746832
1746838
1746863
1746913
1746937
1747067
1747491
1747826
1747972
1748004
1748132
1748197
1748199
1748301
1748434
1748751
1749113
1749237
1749513
1749541
1749645
1749711
1749849
1750013
1750027
1750049
1750090
1750289
1750384
1750427
1750457
1750600
1750705
1750721
1750807
1750861
1751138
1751152
1751380
1751517
1751570
1751580
1751745
1752019
1752243
1752248
1752484
1752485
1752565
1752776
1752783
1753027
1753081
1753137
1753524
1753600
1753673
1754014
1754018
