786414
786424
786447
786682
786702
786806
786823
786932
787014
787180
787236
787242
787273
787275
787341
787384
787419
787767
787936
788086
788090
788119
788181
788730
788744
788773
789090
789141
789195
789375
789609
789735
789753
790160
790293
790321
790527
790598
790700
790814
790833
790865
791033
791212
791264
791452
791457
791478
791525
791583
791626
791801
791882
791904
792078
792112
792133
792165
792178
792228
792262
792303
792405
792485
792527
792555
792574
792583
792770
792924
792950
793026
793028
793286
793320
793343
793446
793670
793828
793877
793928
793934
793962
794267
794654
794719
794766
794782
794934
794979
795070
795082
795227
795352
795369
795702
