1332755
1332838
1332937
1332997
1333118
1333255
1333376
1333470
1333515
1333548
1333590
1333762
1333954
1333968
1334023
1334355
1334499
1334619
1334940
1334947
1335174
1335190
1335408
1335464
1335477
1336117
1336168
1336190
1336651
1336673
1336708
1336858
1336933
1337022
1337058
1337106
1337227
1337260
1337455
1337564
1337566
1337602
1337932
1337969
1338060
1338112
1338153
1338208
1338671
1338742
1338749
1338792
1339051
1339080
1339137
1339336
1339479
1339940
1340092
1340230
1340354
1340501
1340513
1340526
1340545
1340645
1340671
1340843
1340860
1340919
1340923
1341144
1341355
1341549
1341741
1341886
