815101
815484
815520
815639
815715
815725
815766
815768
815807
815949
816015
816338
816606
816698
816881
816891
817066
817210
817276
817282
817444
817484
817564
817613
817888
817936
817973
818040
818370
818397
818453
818590
818758
818784
818970
819024
819100
819287
819370
819406
819407
819426
819511
819741
819764
819830
819852
819896
819933
820011
820377
820731
820838
820878
820899
821055
821170
821200
821227
821410
821424
821505
821558
821794
821927
822114
822276
822407
822466
822599
822662
822739
822834
822838
822842
822873
822920
822963
823121
823632
823741
824115
824154
824174
824427
824511
