921197
921331
921342
921345
921403
921480
921578
921855
921857
921876
921953
922057
922168
922173
922232
922286
922555
922626
922635
922967
923351
923450
923565
923691
923715
923819
923908
923918
924179
924181
924224
924279
924284
924308
924398
924401
924440
924463
924524
924675
924716
924997
925041
925234
925300
925346
925450
925469
925812
925987
925993
926232
926353
926474
926534
926563
926842
926886
926931
926944
927157
927183
927206
927272
927357
927361
927541
927617
927738
927985
928170
928269
928306
928416
928693
928717
929246
929251
929328
929384
929431
929551
929609
929933
930000
930152
930477
930543
930602
930609
930726
