1284902
1285136
1285163
1285328
1285430
1285540
1285601
1285680
1285742
1285813
1285931
1286124
1286141
1286232
1286307
1286328
1286368
1286390
1286422
1286439
1286468
1286692
1286767
1286973
1287005
1287059
1287160
1287178
1287324
1287538
1287672
1287795
1287872
1287883
1287892
1287919
1287960
1288046
1288058
1288178
1288284
1288439
1288444
1288550
1288612
1288717
1289123
1289188
1289199
1289280
1289469
1290363
1290428
1290480
1290753
1291111
1291206
1291232
1291238
1291298
1291370
1291552
1291847
1291897
1291945
1292046
1292068
1292375
1292501
1292502
1292702
1292770
1292898
1292995
1293045
1293096
1293232
1293272
1293288
1293329
1293401
1293435
1293675
1293776
1293809
1293917
1293986
1294017
1294033
1294161
1294173
