882491
882529
882930
882934
883074
883089
883195
883221
883342
883386
883463
883548
883639
883702
883715
883733
883933
883939
883981
883983
884083
884269
884394
884421
884500
884689
884912
884948
885080
885148
885160
885203
885345
885513
885733
885853
886345
886350
886425
886525
886669
886774
886859
887074
887187
887201
887300
887370
887429
887438
887524
887835
888102
888378
888647
888845
888909
888922
889002
889006
889029
889481
889580
889605
889787
889794
889854
889872
889901
889937
890071
890111
890307
890396
890796
890818
890999
891048
891097
891212
891228
891350
891409
891419
891420
891421
891591
891634
892007
892123
