335931
336073
336188
336337
336454
336503
336639
336672
336677
336750
336784
336835
336883
337137
337280
337328
337544
337970
338141
338229
338378
338528
338542
338544
338813
338852
339047
339111
339193
339200
339221
339234
339295
339687
339749
339887
340031
340075
340629
340654
340711
341068
341154
341165
341316
341480
341744
341794
341795
341830
341869
342217
342334
342518
342592
342684
342704
342728
342755
342878
343181
343286
343350
343514
343644
343908
344054
344095
344243
344263
344365
344489
344544
344627
344858
345013
345201
345390
345561
