480369
480492
480547
480744
480790
480798
480862
480898
480919
481098
481254
481440
481525
481530
481558
481604
481644
481647
481754
481759
481817
481833
482160
482247
482558
482660
482748
482827
482919
482957
483251
483262
483403
483569
483604
483626
483645
483730
483733
483820
483849
484017
484131
484154
484219
484797
484907
485114
485295
485444
485446
485450
485474
485496
485500
485837
485888
485908
485952
486204
486218
486586
486613
486639
486875
486906
487000
487138
487147
487154
487523
487874
487899
488789
488795
488916
489165
489313
489559
489674
489801
489813
489850
