728891
728908
728917
729138
729172
729201
729419
729477
729549
729701
729718
729772
729780
729783
729861
729928
730095
730142
730239
730457
730637
730945
731003
731006
731023
731135
731209
731329
731377
731408
731466
731524
731688
731737
731795
731905
732316
732329
732355
732518
732603
732866
732941
733354
733495
733527
733580
733583
733658
733700
733716
733901
734065
734425
734484
734498
734731
734790
734827
734920
735031
735154
735237
735511
735682
735862
736147
736306
736345
736567
736972
737064
737098
737199
737264
737325
737438
737513
737664
737771
737897
738024
738068
738250
738259
738326
738407
738411
738415
