1572056
1572249
1572260
1572521
1572736
1572989
1573107
1573160
1573226
1573281
1573321
1573362
1573390
1573446
1573529
1573590
1573688
1573824
1573908
1573958
1573963
1574075
1574097
1574297
1574374
1574575
1574614
1574678
1574788
1574897
1574905
1574943
1574981
1575025
1575033
1575092
1575476
1575538
1575576
1575648
1575699
1575759
1575846
1575889
1576020
1576042
1576046
1576104
1576121
1576143
1576292
1576381
1576382
1576487
1576592
1576823
1576930
1576949
1576990
1577093
1577119
1577218
1577245
1577426
1577536
1577571
1577598
1577627
1577755
1577814
1577908
1577940
1577997
1578151
1578289
1578380
1578420
1578545
1578551
1578607
1578706
1578811
1578892
1579108
1579152
1579156
1579285
1579416
1579426
1579432
1579480
1579547
1579973
1580001
1580383
1580517
1580808
1581066
1581087
1581190
1581191
1581199
1581212
1581222
