1706483
1706519
1706591
1706725
1706798
1706838
1706887
1706912
1707010
1707079
1707198
1707557
1707677
1707819
1707866
1707917
1707987
1708182
1708284
1708370
1708639
1708710
1708933
1708948
1709260
1709318
1709440
1709485
1709549
1709672
1709699
1709781
1709784
1709806
1709982
1710228
1710266
1710407
1710551
1710744
1710779
1710976
1711017
1711083
1711085
1711108
1711251
1711313
1711356
1711427
1711428
1711512
1711547
1711601
1711788
1711791
1711808
1711809
1711987
1712103
1712198
1712232
1712236
1712405
1712710
1712970
1712983
1713038
1713135
1713140
1713190
1713363
1713376
1713583
1713672
1713675
1713780
1713798
1713909
1713946
1714001
1714040
1714183
1714208
1714270
1714288
1714540
1714544
1714816
1714828
1714982
1715174
1715469
1715483
1715633
1715730
1715900
1715983
