163097
163114
163405
163408
163449
163483
163535
163729
164216
164217
164477
164747
164816
165099
165159
165295
165415
165518
165569
165601
165653
165655
165688
165728
165784
165845
166093
166390
166421
166511
166667
166722
166747
166782
166966
167017
167026
167078
167160
167192
167355
167469
167507
167665
167837
167886
167923
168133
168184
168294
168332
168564
168632
168650
168680
169195
169533
169541
169552
169555
170089
170445
170471
170497
170518
170694
171070
171139
171181
171251
171701
171784
171953
172031
172091
172337
172501
