892212
892269
892370
892564
892742
892826
892907
893131
893304
893458
893713
893770
894122
894153
894177
894260
894393
894445
894562
894584
894673
894694
894797
894814
894818
894863
895347
895484
895573
896024
896102
896224
896471
896633
896711
896714
896727
896834
897044
897456
897602
897823
897934
898074
898380
898391
898562
898603
898904
899280
899725
900080
900166
900229
900247
900272
900290
900292
900325
900387
900434
900486
900724
900734
900759
900951
901023
901031
901139
901316
901475
901488
901498
901540
901729
