1227226
1227461
1227516
1227535
1227906
1228058
1228062
1228171
1228259
1228309
1228438
1228460
1228490
1228517
1228521
1228699
1228801
1229041
1229136
1229200
1229502
1229512
1229520
1229561
1229639
1229661
1229729
1229848
1229928
1229936
1229961
1230263
1230358
1230426
1230572
1230618
1230624
1230720
1230802
1230991
1231065
1231184
1231214
1231397
1231452
1231497
1231585
1231613
1231699
1231731
1231972
1232007
1232197
1232238
1232319
1232323
1232528
1232537
1232574
1232910
1232924
1232960
1233060
1233196
1233379
1233388
1233410
1233464
1233669
1233714
1233765
1234226
1234241
1234291
1234325
1234347
1234522
1234563
1234593
1234614
1234641
1234677
1234802
1234915
1234957
1235074
1235106
1235144
1235243
1235342
1235425
1235598
1236137
1236234
1236252
1236257
1236329
1236381
1236574
1236650
