1294312
1294465
1294478
1294643
1294655
1294669
1294752
1294938
1295038
1295045
1295086
1295186
1295514
1295528
1295736
1295792
1296058
1296264
1296624
1296628
1296686
1297046
1297071
1297265
1297293
1297408
1297461
1297510
1297513
1297631
1297788
1297976
1298001
1298091
1298097
1298196
1298401
1298447
1298456
1298582
1298839
1298845
1299527
1299750
1299875
1300076
1300415
1300420
1300687
1300731
1300846
1300946
1301092
1301100
1301162
1301416
1301445
1301535
1301573
1301857
1301899
1302044
1302070
1302189
1302287
1302349
1302357
1302388
1302480
1302531
1302861
1302962
1303006
1303354
1303376
1303511
1303689
1303722
