843810
843935
844025
844065
844171
844172
844236
844406
844575
844850
844855
844865
844969
845049
845073
845168
845172
845186
845475
845595
845635
845645
845647
845760
845964
846019
846020
846025
846041
846104
846131
846160
846286
846348
846363
846519
846681
846759
846834
847304
847348
847375
847741
847824
847950
848380
848423
848777
848787
848801
848809
848847
848912
848977
849101
849144
849239
849241
849350
849523
849566
849673
849694
849776
849862
849928
849942
850074
850191
850298
850360
850447
850561
850650
850750
850785
850832
850958
851033
851064
851069
851358
851408
851446
851541
851643
851708
851897
851980
852027
852365
852604
852605
852693
852746
852792
853056
853081
853098
853187
853245
853247
853260
853302
853403
