594984
595085
595249
595329
595412
595459
595512
595532
595556
595860
595925
596484
596548
596697
596812
596857
596868
597203
597278
597286
597292
597355
597387
597636
597697
597902
598058
598336
598486
598607
598732
598748
598861
598909
599040
599144
599433
599478
599773
599837
600061
600111
600342
600351
600750
600760
600826
600853
600864
600931
601080
601096
601151
601178
601309
601354
601983
602041
602051
602075
602199
602729
603039
603201
603290
603339
603434
603489
603614
603724
603935
603973
604027
604164
604253
604298
604301
