690556
690559
690720
690832
690873
690897
690937
691155
691265
691376
691414
691484
691728
691833
691993
692109
692337
692431
692437
692707
692836
692892
693032
693162
693354
693427
693539
693547
693610
693777
693921
694057
694232
694311
694375
694399
694404
694533
694539
694619
694650
694758
694821
694907
694972
695107
695177
695566
695573
695666
695746
695801
695804
695858
695926
696298
696323
696445
696463
696471
696502
696535
696623
696639
696707
696801
696938
696955
697039
697079
697288
697518
697581
697617
697625
697664
697689
697956
697965
698033
698379
698564
698569
698601
698805
698961
699048
699284
699333
699394
699494
699941
699979
