1074049
1074092
1074093
1074127
1074341
1074398
1074566
1074580
1074605
1074854
1074908
1075185
1075269
1075441
1075672
1075844
1075877
1076161
1076240
1076365
1076385
1076532
1076541
1076759
1077067
1077602
1078008
1078235
1078300
1078512
1078551
1078572
1078648
1079062
1079087
1079244
1079539
1079692
1079769
1079861
1079984
1080205
1080431
1080547
1080859
1080884
1080885
1080904
1080905
1080967
1081249
1081421
1081522
1081542
1081594
1081609
1081707
1081941
1082002
1082054
1082087
1082456
1082491
1082551
1082609
1082749
1083127
1083147
1083217
1083260
1083262
1083324
1083377
