470519
470520
470798
471026
471241
471294
471803
471829
471882
471883
472108
472229
472323
472361
472440
472550
472738
472760
472891
472931
472949
473040
473093
473498
473996
474028
474065
474234
474668
474756
475357
475364
475447
475621
475837
475862
475911
475984
475986
476040
476054
476120
476228
476240
476258
476325
476361
476566
476725
476826
476856
476897
476913
477064
477155
477459
477528
477556
477650
477698
477757
477837
477906
477938
478051
478340
478396
478533
478648
478667
478795
478903
478926
478964
479037
479058
479124
479139
479241
479317
479351
479581
479720
479727
479775
479996
480013
480040
480108
480135
