959329
959367
959425
959699
959796
960118
960152
960349
960607
960646
960774
960936
960950
961043
961062
961156
961192
961223
961470
961568
961682
961756
961763
962046
962142
962426
962430
962488
962599
962612
962628
962710
962866
963015
963078
963109
963117
963598
963633
963651
963950
964059
964126
964197
964484
964579
964599
964744
965008
965029
965160
965173
965211
965412
965557
965561
965701
965804
966469
966506
966565
966642
966659
966690
966698
966820
966831
966960
967177
967472
967595
967626
967811
967921
968138
968249
968258
968361
968392
968414
968469
968658
