604343
604414
604772
604786
605052
605255
605268
605382
605422
605559
605635
605678
605905
605972
606006
606017
606036
606037
606054
606300
606665
606897
607048
607174
607302
607311
607496
607558
608391
608433
608442
608579
608587
608645
608698
608701
608813
608851
608903
608948
608974
609172
609198
609256
610048
610143
610205
610339
610611
610614
610838
610845
610862
611018
611273
611396
611471
611534
611661
611839
611988
612016
612768
612962
613004
613049
613051
613083
613118
613267
613711
613765
