1006998
1007004
1007063
1007121
1007212
1007364
1007385
1007676
1007736
1007780
1007932
1008163
1008300
1008390
1008450
1008451
1008464
1008910
1008929
1008931
1008963
1009057
1009264
1009372
1009485
1009489
1009582
1009605
1009642
1009656
1009717
1009779
1009897
1009921
1009979
1010238
1010310
1010324
1010422
1010423
1010571
1010618
1010650
1010653
1010675
1010788
1011021
1011070
1011142
1011143
1011449
1011606
1011645
1011722
1011726
1011783
1011799
1012043
1012051
1012251
1012391
1012445
1012599
1012629
1012669
1012750
1013058
1013220
1013333
1013395
1013595
1013661
1013690
1013734
1013986
1014022
1014023
1014189
1014230
1014258
1014427
1014501
1014779
1014797
1014890
1014973
1014979
1015039
1015058
1015127
1015192
1015199
1015295
1015307
1015311
1015387
1015398
1015465
1015493
1015627
1015670
1015689
1015690
1015761
1015777
1016114
1016200
1016205
