1256154
1256177
1256350
1256430
1256621
1256671
1256734
1256791
1257102
1257267
1257269
1257275
1257438
1257558
1257635
1257719
1257726
1257752
1257779
1257800
1258000
1258049
1258112
1258429
1258518
1258533
1258726
1258802
1258813
1259127
1259150
1259267
1259495
1260064
1260225
1260500
1260545
1260735
1261306
1261339
1261463
1261589
1261616
1261617
1261826
1261961
1262346
1262388
1262402
1262667
1262681
1262771
1262916
1262980
1263009
1263259
1263480
1263619
1263629
1263692
1263836
1264065
1264135
1264190
1264196
1264210
1264259
1264401
1264418
1264588
1265075
1265176
1265267
1265495
