1619970
1620018
1620146
1620393
1620415
1620515
1620519
1620563
1620774
1620813
1620917
1621448
1621468
1621706
1621727
1621767
1621851
1622314
1622374
1622478
1622556
1622644
1622790
1622938
1623070
1623160
1623174
1623245
1623730
1623862
1624119
1624164
1624275
1624348
1624570
1624608
1624682
1624766
1624919
1625006
1625062
1625206
1625270
1625291
1625297
1625322
1625764
1625834
1625942
1625974
1626210
1626375
1626439
1626535
1626658
1626720
1626825
1626947
1627025
1627164
1627335
1627393
1627417
1627545
1627979
1628067
1628082
1628101
1628881
1629017
1629108
1629139
1629167
1629399
1629426
