297851
298049
298055
298091
298144
298460
298473
298479
298626
298736
298751
298758
298787
298898
298901
298950
299025
299050
299061
299079
299198
299215
299231
299338
299364
299406
299546
299573
299581
299676
299768
299798
299837
299854
300033
300291
300294
300340
300501
300649
300683
300772
300930
300976
301028
301070
301185
301295
301379
301585
301879
301901
302107
302510
302536
302538
302626
302748
303248
303272
303805
304191
304459
304895
305088
305146
305251
305267
305323
305666
305738
305864
306002
306016
306139
306463
306604
306610
306834
306930
307079
307134
