1600709
1600737
1600742
1600748
1600838
1601177
1601207
1601272
1601315
1601394
1601497
1601590
1601659
1601665
1601851
1601989
1602082
1602114
1602249
1602319
1602573
1602584
1602634
1602638
1602715
1602898
1602905
1602966
1603230
1603255
1603271
1603365
1603375
1603939
1603971
1604138
1604195
1604495
1604529
1605057
1605179
1605211
1605427
1605449
1605546
1605614
1605666
1605897
1605951
1606260
1606461
1606469
1606698
1606803
1606828
1606955
1606999
1607071
1607108
1607116
1607449
1607478
1607583
1607647
1607861
1607978
1608095
1608114
1608120
1608229
1608450
1608456
1608734
1608847
1609054
1609114
1609210
1609222
1609295
1609435
1609536
1609562
1609609
1609669
1609708
1609853
