1389956
1389980
1390322
1390421
1390444
1390460
1390789
1390890
1390903
1390990
1391025
1391082
1391094
1391324
1391506
1391529
1391612
1391754
1391892
1392034
1392084
1392093
1392207
1392305
1392357
1392363
1392415
1392867
1393096
1393104
1393120
1393332
1393367
1393479
1393546
1393553
1393743
1393911
1393935
1393994
1394124
1394169
1394184
1394399
1394420
1394671
1394738
1394831
1394905
1394935
1395098
1395115
1395248
1395538
1395831
1396082
1396207
1396392
1396430
1396446
1396650
1396674
1396754
1396824
1396904
1396953
1397285
1397290
1397671
1397788
1397838
1397863
1397943
1397977
1398028
1398046
1398344
1398400
1398472
1398480
1398634
1398695
1398704
1398889
1398934
1399215
1399275
1399350
