1198493
1198716
1198833
1198873
1199024
1199095
1199132
1199160
1199215
1199252
1199341
1199385
1199459
1199490
1199641
1199669
1199721
1199726
1199766
1199812
1199853
1199879
1199926
1200019
1200081
1200090
1200494
1200607
1200699
1200908
1200982
1201022
1201040
1201175
1201184
1201389
1201449
1201629
1201723
1201852
1202032
1202153
1202195
1202294
1202326
1202469
1202526
1202708
1202712
1202966
1202990
1203043
1203399
1203627
1203733
1203866
1204071
1204319
1204555
1204667
1204857
1204870
1204909
1205259
1205288
1205296
1205371
1205462
1205588
1205752
1205874
1205885
1205893
1206053
1206270
1206339
1206459
1206629
1206682
1206706
1206798
1207404
1207483
1207938
1208030
