441584
441784
441952
442179
442191
442213
442400
442468
442784
442903
443093
443194
443532
443668
443691
443917
443920
444265
444459
444564
445181
445194
445233
445247
445501
445542
445747
445793
446009
446011
446012
446179
446185
446333
446356
446359
446368
446390
446394
446417
446491
446538
446579
447092
447219
447263
447368
447381
447564
447658
447716
447732
447965
447984
448119
448503
448599
448624
448772
449082
449127
449359
449430
449496
449510
449524
449588
449641
449672
449733
449912
449915
450112
450171
450480
450583
450888
450985
451027
451110
451130
