556844
556968
557133
557206
557612
557724
557978
558124
558158
558473
558512
558574
558655
558697
558787
558975
559015
559248
559272
559356
559562
559782
559887
559901
559932
560091
560223
560303
560363
560620
560622
560767
560803
560900
560932
560940
561077
561141
561223
561228
561250
561350
561414
561420
562002
562022
562125
562228
562281
562407
562455
562529
562533
562663
562693
562873
563080
563228
563627
563637
563752
563798
563947
563995
564069
564220
564288
564476
564723
564743
564874
564933
564962
564984
565031
565347
565416
565754
565844
565851
566047
566149
566238
566268
