834256
834303
834389
834563
834615
834751
834835
834850
835030
835095
835325
835445
835467
835690
835761
835777
836128
836222
836302
836408
836510
836545
836708
837006
837089
837799
837810
837821
837858
837965
837982
838103
838111
838122
838168
838198
838425
838521
839059
839085
839186
839340
839390
839434
839531
839612
839634
839730
839740
839801
839901
839938
839971
840048
840101
840178
840184
840458
840608
840618
840746
841017
841046
841110
841171
841208
841308
841428
841441
841465
841714
841731
841740
841755
842053
842117
842121
842168
842233
842342
842402
842880
842991
843230
843246
843248
843313
843322
843331
843532
