767396
767467
767524
767542
767598
767604
767912
767981
768239
768374
768397
768425
768427
768464
768507
768566
768653
768685
768712
768722
768768
768779
768938
769004
769160
769431
769479
769603
769821
769862
769908
769953
770001
770312
770391
770685
770722
770777
771148
771253
771302
771362
771363
771381
771425
771430
771457
771673
771780
771791
771825
771979
772255
772295
772354
772381
772482
772575
772603
772803
772880
772999
773063
773076
773283
773375
773378
773498
773873
773907
773930
774063
774321
774436
774502
774566
774624
774627
774862
775090
775128
775155
775257
775270
775405
775586
776017
776120
776232
776259
776293
776564
776629
776635
776797
