911416
911683
911802
911841
911846
911980
912140
912146
912227
912272
912303
912318
912325
912388
912394
912628
912674
912757
912763
912928
913079
913119
913128
913172
913233
913290
913319
913457
913474
913476
913612
913802
913839
913911
914124
914245
914611
914712
914762
914816
914908
914916
915105
915169
915297
915312
915602
915613
915874
915924
915927
915992
916008
916114
916115
916140
916271
916358
916447
916646
916696
916825
916837
916855
916918
916969
917160
917183
917971
918034
918176
918207
918238
918298
918481
918817
918833
918999
919063
919082
919153
919432
919472
919504
919623
919633
919947
919984
920002
920013
920065
920228
920542
920576
920585
920847
920882
920903
920930
920994
