1457288
1457355
1457404
1457444
1457453
1457473
1457602
1457653
1458044
1458095
1458277
1458392
1458888
1459100
1459159
1459165
1459185
1459428
1459544
1459604
1459631
1459844
1459943
1459963
1460021
1460023
1460210
1460286
1460413
1460569
1460580
1460636
1460877
1461077
1461103
1461121
1461287
1461375
1461560
1461675
1461678
1461947
1462114
1462334
1462456
1462488
1462513
1462541
1462693
1462717
1462828
1463066
1463341
1463381
1463430
1463457
1463568
1463580
1463639
1463771
1463799
1463810
1463906
1463925
1464164
1464243
1464295
1464323
1464405
1464472
1464563
1464793
1464888
1464918
1465099
1465357
1465433
1465472
1465553
1465695
1465788
1465856
1465890
1465892
1465911
1466042
1466059
1466159
1466276
