1150388
1150482
1150502
1150637
1150645
1150771
1150831
1150852
1150928
1151046
1151067
1151137
1151344
1151573
1151782
1151935
1152168
1152264
1152505
1152683
1152701
1152879
1153043
1153142
1153228
1153448
1154013
1154098
1154123
1154186
1154190
1154230
1154233
1154480
1154510
1154522
1154592
1154777
1154808
1154828
1154857
1154965
1155321
1155370
1155630
1155696
1155758
1155870
1155922
1155939
1156074
1156093
1156096
1156201
1156221
1156284
1156454
1156645
1156652
1156863
1156887
1156917
1156968
1157017
1157231
1157292
1157359
1157371
1157448
1157505
1157571
1157811
1157829
1157893
1157980
1158332
1158374
1158445
1158464
1158709
1158755
1158772
1158814
1158871
1158922
1159149
1159168
1159411
1159811
1159825
