1035709
1035748
1035810
1035868
1035996
1036002
1036023
1036438
1036491
1036577
1036767
1036812
1036845
1037025
1037330
1037417
1037421
1037431
1037664
1037720
1038033
1038381
1038407
1038415
1038498
1038573
1038699
1038776
1038882
1039058
1039359
1039368
1039406
1039468
1039571
1039639
1039670
1039751
1039793
1040066
1040420
1040437
1040498
1040574
1040590
1040683
1040820
1040868
1040889
1040906
1041084
1041248
1041356
1041436
1041441
1041536
1041662
1041675
1041981
1042033
1042035
1042265
1042338
1042368
1042443
1042514
1042875
1043073
1043147
1043191
1043385
1043403
1043628
1043709
1043911
1043926
1043931
1044000
1044002
1044143
1044425
1044430
1044437
1044463
1044612
1044620
1044711
1044784
1044859
1044920
