1131407
1131470
1131674
1131771
1131944
1132190
1132681
1132987
1133019
1133315
1133366
1133430
1133461
1133481
1133583
1133687
1133704
1133728
1133756
1133764
1133819
1133824
1133870
1133961
1134010
1134065
1134075
1134132
1134227
1134239
1134573
1134658
1134904
1134964
1135019
1135225
1135506
1135563
1135697
1135796
1135799
1135918
1136247
1136473
1136490
1136879
1137045
1137237
1137320
1137439
1137485
1137620
1137774
1137925
1137949
1137969
1137999
1138090
1138092
1138321
1138449
1138566
1138586
1138843
1138914
1139086
1139226
1139306
1139321
1139332
1139341
1139365
1139458
1139572
1139643
1139689
1139939
1140011
1140046
1140211
1140212
1140221
1140412
1140823
