1438200
1438224
1438498
1438690
1438747
1438758
1439182
1439395
1439423
1439534
1439626
1439633
1439680
1439977
1440145
1440170
1440374
1440411
1440435
1440446
1440598
1440680
1441069
1441076
1441150
1441379
1441421
1441539
1441694
1441860
1441942
1441973
1442106
1442408
1442424
1442723
1442923
1443191
1443264
1443309
1443379
1443385
1443386
1443437
1443482
1443489
1443504
1443515
1443611
1443645
1443809
1444044
1444140
1444156
1444199
1444204
1444243
1444653
1444671
1444689
1444706
1444956
1444988
1445081
1445156
1445165
1445450
1445473
1445551
1445566
1445583
1445653
1445711
1445747
1445826
1445928
1445985
1445986
1446075
1446275
1446314
1446322
1446372
1446521
1446705
1446764
1446781
1447023
1447066
1447159
1447221
1447228
