700176
700314
700526
700540
700808
700909
701308
701336
701366
701625
701679
701706
702081
702130
702131
702138
702303
702406
702512
702781
702941
703097
703167
703262
703474
703743
703881
703891
704105
704214
704368
704461
704470
704625
704757
704759
704896
705076
705219
705420
705435
705873
705875
705884
705995
706011
706188
706600
706776
706967
707066
707111
707232
707273
707314
707376
707449
707492
707563
707747
707771
708047
708100
708194
708316
708433
708442
708451
708461
708721
708772
708779
708938
708959
708982
709147
