805560
805707
805736
805739
805807
805818
805881
805888
805890
805933
806156
806224
806366
806399
806413
806461
806514
806539
806702
806954
806988
807179
807267
807313
807348
807357
807376
807573
807835
807845
808033
808038
808165
808266
808394
808522
808666
808792
808868
808926
809203
809295
809389
809456
809499
809531
809760
809778
809832
809851
810032
810063
810256
810328
810392
810415
810503
810639
810709
810916
811034
811064
811077
811212
811220
811389
811487
811572
811583
811627
811685
811986
812139
812473
812493
812517
812713
812753
812810
812909
812939
813177
813281
813659
813969
814070
814175
814210
814226
814309
814325
814556
814762
814851
814976
