1189004
1189131
1189173
1189272
1189312
1189357
1189587
1189590
1189639
1189813
1189911
1189996
1190216
1190318
1190355
1190384
1190616
1190682
1190796
1190820
1190923
1191120
1191187
1191218
1191361
1191392
1191506
1191805
1191841
1191872
1191928
1191976
1192021
1192289
1192601
1192655
1192796
1192958
1193065
1193066
1193091
1193142
1193155
1193272
1193311
1193382
1193662
1193695
1193857
1193913
1193953
1194159
1194173
1194268
1194288
1194430
1194538
1194871
1194945
1195023
1195122
1195215
1195565
1195573
1195613
1195665
1195912
1196305
1196365
1196789
1196980
1197007
1197066
1197092
1197148
1197162
1197238
1197258
1197354
1197544
1197771
1197879
1197922
1197942
1198135
1198265
1198361
