1716121
1716198
1716204
1716359
1716614
1717052
1717306
1717381
1717512
1717533
1717668
1717794
1718163
1718270
1718281
1718372
1718403
1718406
1718538
1718682
1718868
1718928
1719400
1719542
1719874
1720021
1720180
1720214
1720407
1720450
1720534
1720579
1720599
1720964
1721093
1721539
1721685
1721725
1721727
1721745
1721844
1721896
1721979
1722058
1722117
1722406
1722513
1722707
1722797
1722910
1722929
1723285
1723409
1723580
1724259
1724412
1724530
1724558
1724623
1724688
1724753
1724810
1725070
1725091
1725146
1725260
1725357
1725405
1725440
