1102569
1102601
1102623
1102912
1103075
1103097
1103389
1103558
1103796
1103907
1104010
1104109
1104186
1104368
1104639
1104682
1104695
1104726
1104765
1104948
1105076
1105085
1105170
1105564
1105700
1105739
1105905
1106016
1106145
1106430
1106497
1106544
1106659
1106706
1107036
1107100
1107438
1107522
1107585
1107712
1107906
1107907
1107988
1108030
1108306
1108342
1108359
1108513
1108537
1108568
1108576
1108670
1108696
1108697
1108714
1108778
1108918
1109006
1109012
1109176
1109254
1109353
1109444
1109512
1109529
1109535
1109541
1109934
1109958
1110000
1110126
1110164
1110204
1110216
1110424
1110492
1110616
1110639
1110713
1110740
1110780
1110789
1110914
1111286
1111474
1111671
1111928
1111941
