1543065
1543335
1543598
1543778
1544074
1544103
1544358
1544490
1544513
1544718
1544797
1544890
1544998
1545091
1545481
1545618
1545649
1545754
1545761
1545958
1546108
1546260
1546331
1546367
1546578
1546665
1546860
1547062
1547158
1547171
1547373
1547604
1547707
1547720
1547879
1547881
1548026
1548106
1548181
1548243
1548448
1548487
1548490
1548505
1548526
1548745
1548777
1548998
1549031
1549101
1549659
1549738
1549824
1549874
1550093
1550214
1550227
1550375
1550387
1550423
1550505
1550618
1550632
1550681
1550695
1550755
1550761
1550966
1551069
1551285
1551629
1551667
1551680
1551859
1551904
1551980
1552142
1552261
1552309
1552412
1552518
1552556
1552595
1552630
