1122055
1122114
1122168
1122177
1122189
1122277
1122413
1122665
1122709
1122713
1123094
1123521
1123713
1123795
1123821
1123858
1123880
1124024
1124038
1124159
1124200
1124358
1124783
1124795
1124809
1124923
1124981
1125034
1125035
1125046
1125071
1125136
1125193
1125235
1125394
1125421
1125640
1125659
1125775
1125907
1125939
1125954
1126394
1126433
1126668
1126684
1126688
1126707
1126799
1126900
1127045
1127081
1127097
1127172
1127368
1127802
1127892
1127906
1127918
1128211
1128240
1128255
1128439
1128555
1128653
1128714
1128792
1129048
1129117
1129192
1129426
1129443
1129517
1129702
1129843
1129846
1129949
1130115
1130157
1130215
1130325
1130327
1130346
1130754
1130846
1130872
1131126
1131197
