1399732
1399944
1400179
1400332
1400382
1400485
1400501
1400542
1400704
1400705
1400908
1401075
1401195
1401592
1401597
1401615
1401881
1402049
1402144
1402261
1402285
1402487
1402883
1403032
1403076
1403092
1403279
1403360
1403369
1403392
1403466
1403557
1403559
1403575
1403691
1403716
1403718
1404218
1404325
1404362
1404384
1404458
1404479
1404549
1404600
1404620
1404804
1404860
1404916
1404954
1405005
1405392
1405428
1405591
1405651
1405712
1406012
1406066
1406083
1406405
1406415
1406666
1406868
1406901
1407046
1407148
1407151
1407155
1407226
1407268
1407362
1407441
1407499
1407566
1407718
1407790
1407907
1407989
1408225
1408335
1408417
1408653
1408667
1408669
1408808
1408926
