288160
288365
288422
288456
288532
288727
288908
288926
289011
289050
289078
289348
289549
289672
289692
289694
289703
289907
289940
289955
290010
290146
290209
290235
290344
290410
290423
290450
290503
290666
290992
291006
291196
291225
291320
291599
291719
291727
291989
292031
292077
292122
292258
292331
292340
292482
292497
292664
292941
293113
293123
293125
293179
293193
293253
293314
293327
293419
293455
293491
293634
293702
293784
294163
294205
294272
294303
294315
294476
294508
294779
294827
294919
295028
295150
295327
295392
295401
295435
295498
295561
295593
295929
295941
296251
296288
296414
296424
296590
296713
296719
296760
296762
297035
297070
297098
297103
297155
297172
297235
297259
297271
297355
297379
297502
