211063
211205
211220
211310
211322
211428
211586
211737
211851
212245
212401
212547
212734
212797
212845
212941
212969
213052
213190
213202
213216
213334
213426
213534
213759
213823
213835
213926
214154
214288
214306
214454
214660
214666
214779
214788
214970
215379
215458
215464
215703
215721
215724
215750
215752
215798
215812
215821
215825
215947
216002
216188
216279
216505
216826
216907
216938
217100
217133
217149
217152
217189
217374
217442
217599
217628
217776
217856
218099
218125
218187
218233
218548
218604
218623
218734
219033
219198
219297
219528
219544
219577
219942
220484
220609
220631
