1313607
1313687
1313721
1313889
1313902
1313983
1313993
1314008
1314022
1314070
1314075
1314305
1314368
1314535
1314568
1314794
1314895
1314970
1314971
1314972
1315180
1315204
1315323
1315460
1315496
1315540
1315686
1315697
1315774
1316340
1316542
1316574
1316748
1316883
1317042
1317129
1317146
1317163
1317181
1317247
1317360
1317376
1317490
1317995
1318008
1318201
1318369
1318435
1318488
1318578
1318593
1318610
1318707
1318721
1318809
1318830
1318959
1319145
1319320
1319446
1319478
1319659
1319714
1319807
1319884
1319923
1320024
1320072
1320232
1320348
1320365
1320534
1320573
1320603
1320663
1320774
1320834
1320884
1320888
1320920
1321026
1321068
1321101
1321120
1321156
1321199
1321233
1321270
1321277
1321548
1321608
1321650
1321753
1321875
1321975
1322006
1322273
1322349
1322547
1322565
1322783
1322865
1322895
