355292
355438
355448
355464
355549
355785
355931
356000
356250
356648
356794
356974
357104
357596
357857
357924
358134
358215
358363
358387
358568
358665
358671
358983
359022
359065
359192
359239
359251
359266
359381
359534
359570
359690
359773
359801
359842
360137
360150
360499
360611
360643
360647
360774
360784
360792
360939
361104
361666
361836
361917
362190
362386
362589
362805
362938
362939
362978
363091
363100
363221
363231
363255
363264
363281
363623
363722
363723
363770
363808
363881
364015
364351
364360
364362
364387
364499
364596
364604
364635
