719354
719394
719419
719615
719771
719820
720304
720473
720593
720660
720669
720696
720836
721024
721152
721403
721438
721675
722108
722144
722209
722265
722287
722465
722489
722517
722551
722607
722703
722892
722958
722961
722999
723100
723184
723343
723452
723548
723840
723853
723891
723995
724047
724114
724137
724411
724561
724757
724863
725135
725142
725360
725367
725384
725412
725425
725605
725677
725693
725764
726186
726374
726558
726610
726611
726652
726820
726848
727104
727314
727345
727527
727618
727659
727680
727696
727755
727824
727878
727914
728038
728043
728257
728300
