1639250
1639354
1639636
1639740
1639760
1639788
1639866
1639999
1640471
1640482
1640884
1640944
1640976
1641040
1641208
1641423
1641457
1641645
1641671
1641748
1641893
1641989
1642102
1642175
1642201
1642230
1642571
1642677
1642812
1643105
1643127
1643137
1643261
1643458
1643480
1643641
1643754
1643792
1643861
1643885
1643919
1644079
1644235
1644360
1644620
1644821
1645150
1645234
1645290
1645296
1645311
1645533
1645562
1645597
1645611
1645692
1645902
1646202
1646420
1646444
1646476
1646995
1647030
1647185
1647326
1647715
1647776
1647855
1648047
1648084
1648216
1648423
1648465
1648699
