412724
412729
412752
412758
412843
412849
413029
413239
413479
413624
413664
413669
413710
413713
413757
413784
413921
413928
414033
414035
414052
414500
414663
414723
414810
415021
415190
415286
415523
415643
415751
415822
416038
416270
416549
416719
416967
417301
417357
417419
417464
417493
417583
417614
417667
417716
417879
417899
418182
418317
418339
418357
418495
418928
419337
419372
419465
419500
419600
419657
419924
419929
420075
420078
420082
420180
420275
420282
420550
420606
420631
420712
420725
420853
421379
421415
421455
421472
421583
421724
421819
421917
422069
422223
422230
422232
