1265929
1266273
1266301
1266371
1266411
1266599
1266711
1266790
1266798
1267096
1267167
1267299
1267495
1267841
1267864
1268070
1268197
1268200
1268227
1268238
1268269
1268460
1268516
1268580
1268582
1268700
1268849
1268959
1269078
1269116
1269218
1269336
1269357
1269714
1269803
1269853
1269857
1269859
1269869
1269970
1270197
1270432
1270438
1270509
1270688
1270786
1270882
1271098
1271225
1271314
1271353
1271493
1272042
1272124
1272310
1272328
1272369
1272444
1272568
1272588
1272651
1272708
1272742
1272778
1273127
1273167
1273187
1273248
1273276
1273298
1273404
1273503
1273593
1273621
1273715
1274209
1274215
1274238
1274388
1274478
1274802
1274885
1274965
