1361237
1361304
1361334
1361442
1361554
1361614
1361799
1361894
1362114
1362192
1362224
1362544
1362641
1362678
1362679
1362843
1362855
1362924
1362943
1363100
1363458
1363632
1363826
1363865
1364024
1364140
1364435
1364539
1364675
1364678
1364788
1364858
1364986
1365227
1365336
1365442
1365462
1365925
1366011
1366196
1366240
1366247
1366382
1367006
1367039
1367131
1367162
1367172
1367187
1367285
1367473
1367555
1367571
1367582
1367603
1367730
1367769
1367880
1368045
1368638
1368874
1368888
1368967
1369064
1369192
1369441
1369571
1369612
1369629
1369635
1369689
1369694
1369701
1369718
1369810
1369914
1370196
1370281
1370377
1370487
1370622
1370748
1370806
1370823
