872807
872815
872983
873070
873100
873280
873465
873484
873635
873672
874123
874229
874324
874683
874721
874731
874816
874867
874940
875140
875250
875319
875400
875526
875634
875659
875660
875689
875738
876106
876266
876295
876529
876616
876661
876735
876743
877175
877256
877342
877739
877823
878085
878119
878143
878341
878355
878633
878699
878767
878987
879055
879081
879106
879140
879526
879667
879714
879752
879789
880110
880201
880378
880389
880555
880625
880679
880712
880754
880854
881059
881062
881070
881097
881214
881307
881423
881598
881775
881789
881864
882076
882200
882253
882260
882290
882304
882485
