1054770
1054870
1054959
1055110
1055432
1055545
1055812
1055900
1055949
1055963
1056058
1056076
1056154
1056438
1056457
1056615
1056801
1056915
1056919
1057022
1057039
1057061
1057185
1057232
1057331
1057438
1058100
1058294
1058443
1058491
1058639
1058716
1058810
1059135
1059282
1059761
1059853
1059931
1059933
1060004
1060007
1060085
1060301
1060377
1060446
1060606
1060738
1060762
1060929
1061004
1061011
1061012
1061239
1061514
1061519
1061636
1061678
1061989
1062350
1062363
1062481
1062650
1063046
1063053
1063193
1063201
1063247
1063331
1063418
1063618
1063669
1063810
1064039
1064104
1064218
1064260
1064357
