1696873
1696898
1696968
1696990
1697018
1697020
1697041
1697213
1697217
1697243
1697396
1697415
1697620
1697740
1697826
1697876
1698024
1698131
1698152
1698409
1698477
1698528
1698565
1698713
1698801
1698914
1698923
1698959
1698979
1699084
1699148
1699221
1699386
1699439
1699503
1699605
1699761
1699792
1699879
1700045
1700070
1700089
1700127
1700366
1700405
1700487
1700503
1700529
1700900
1700942
1701017
1701162
1701333
1701416
1701455
1701482
1701518
1701553
1701696
1701729
1702316
1702370
1702399
1702696
1702725
1702767
1702776
1702940
1703041
1703045
1703135
1703148
1703257
1703624
1703818
1703824
1703949
1704147
1704191
1704248
1704410
1704417
1704463
1704545
1704828
1704981
1705029
1705077
1705141
1705145
1705166
1705182
1705533
1705681
1705823
1706039
1706045
1706353
1706361
