1303928
1303974
1304433
1304484
1304517
1304595
1305139
1305339
1305936
1305937
1305939
1306161
1306177
1306220
1306288
1306437
1306442
1306504
1306603
1306674
1306680
1306689
1306693
1306868
1306877
1306892
1307019
1307145
1307229
1307284
1307304
1307400
1307432
1307844
1307867
1307871
1307942
1308114
1308147
1308290
1308419
1308659
1308675
1308810
1308822
1308959
1309001
1309020
1309047
1309111
1309164
1309286
1309605
1309610
1309847
1309996
1310311
1310340
1310374
1310528
1310636
1310639
1311067
1311189
1311504
1311690
1311816
1311821
1312178
1312182
1312241
1312250
1312272
1312351
1312506
1312648
1312769
1312917
1313187
1313327
1313330
1313348
1313391
1313394
1313444
