316975
317007
317016
317044
317286
317313
317329
317436
317547
317557
317702
317722
317890
317895
317945
318029
318070
318089
318362
318443
318581
318592
318623
318624
318694
318714
318868
318944
318967
318979
319116
319256
319261
319284
319452
319505
319522
319795
319811
319997
320062
320070
320241
320283
320360
320499
320502
320743
320974
321311
321395
321476
321640
321752
321753
322032
322071
322129
322231
322355
322549
322616
322737
322757
322777
322871
323128
323227
323311
323367
323429
323485
323496
323862
323980
324220
324290
324367
324609
324664
324743
324775
324835
324841
325063
325126
325333
325422
325491
325680
325999
326001
326142
326379
